1498.87
203.584
3427.48
1028.57
175.074
300.991
1383.3
2878.92
3411.64
680.39
1737.68
906.986
565.9
898.556
5203.99
5363.9
3775.06
255.39
165.648
3359.14
745.608
1101
3243.45
705.444
752.746
4483.95
5966.09
3182.01
1784.11
2496.1
382.383
1810.24
82.2449
4035.27
2180.03
874.643
2481.38
2397.57
1589.05
117.74
5036.24
207.701
1569.77
343.112
3250.7
1012.73
1469.27
2393.63
4951.4
411.136
2609.86
1383.73
1154.68
4165.01
184.538
248.289
1262.73
6292.42
620.392
3962.37
3340.55
465.85
309.766
3651.92
3484.97
254.458
3356.41
2061.67
1843.01
197.105
5162.77
186.994
3699.02
140.438
1508.69
3084.38
1759.47
492.855
3155.54
1819.07
1642.49
1603.25
141.986
302.152
3677.3
844.249
711.45
2833.1
4218
1465.22
1859.23
444.444
3844.11
1221.77
3149.65
5374.66
188.862
1614.68
256.459
626.998
106.53
2523.22
425.453
2241.96
896.913
472.472
702.709
1547.54
465.682
137.723
577.137
3008.2
141.193
737.694
1981.49
1583.45
206.917
5043.39
113.597
509.559
4690.89
1423.62
579.473
1250.38
5957.46
1116.72
1193.73
2166.62
366.555
966.417
2819.54
2127.55
6397.93
248.221
148.968
136.772
2630.09
1180.29
458.839
1628.05
427.024
1993.36
2147.21
903.748
5221.78
2448.36
1284.85
714.03
346.566
231.127
152.717
444.47
4848.44
2504.67
3099.46
1813.59
168.484
2151.07
1868.33
4482.01
217.378
3395.77
306.651
1773.47
538.454
2453.86
565.741
263.569
470.351
108.545
838.781
325.325
1281.66
2426.19
711.792
156.349
351.267
4190.14
8557.44
250.645
3502.01
248.541
2603.55
3743.73
119.772
4717.08
401.121
317.052
247.056
174.304
1272.62
155.818
777.114
1373.11
2420.85
311.203
889.441
120.863
3108.07
944.464
910.766
405.457
1274.29
173.482
147.059
2294.69
138.249
1040.89
2798.89
1595.02
370.232
695
802.877
184.669
1350.8
1167.17
1380.83
2848.28
254.545
1625.97
2994
2992.04
701.292
413.867
1217.02
1318.82
746.391
1715.27
3121.56
4073.55
3650.13
199.134
219.52
1521.44
2165.02
228.347
3557.74
1010
5610.53
494.058
136.156
2907.16
2530.03
1887.8
131.074
322.044
1837.56
4606.29
312.549
202.428
1995.77
1115.08
412.086
1695.63
4400.66
358.793
3967.47
213.627
1295.9
3364.55
2762.42
1064.45
610.397
3003.04
2467.32
260.017
726.561
446.06
4680.61
245.082
525.736
496.486
1656.56
539.946
185.956
158.851
498.777
236.895
1828.42
1747.29
1385.6
3632.63
232.537
757.041
393.626
4746.38
2737.65
165.309
1386.15
287.274
2530.75
204.924
1109.68
1128.43
576.577
2768.8
431.688
2908.27
296.811
4045.71
3918.17
283.418
4133.84
969.807
1220.75
1771.11
162.42
603.57
402.663
7076.24
835.639
183.089
418.33
2799.74
711.444
247.634
1146.7
1188.27
3571.49
483.562
143.447
336.677
148.203
2024.35
162.835
479.793
3777.46
1249.45
2127.72
767.101
233.199
631.814
452.059
2059.57
2390.44
285.409
3807.67
624.728
690.936
1576.79
2985.55
3820.62
600.369
325.02
1278.65
1106.77
980.402
1744.93
4079.32
202.871
333.722
697.737
490.657
2884.22
213.375
2716.46
2112.56
243.529
6146.8
2010.55
795.904
1235.04
518.857
1912.64
93.3177
341.147
864.555
3316.05
3155.73
533.754
177.341
510.494
458.862
1050.21
2310.54
3736.5
337.518
300.064
439.846
3639.65
505.904
985.073
150.832
1306.82
2564.02
3068.07
3517.39
194.071
1099.89
153.097
355.981
1423.66
1557.58
3086.91
4927.35
4605.69
714.951
2532.39
951.222
413.433
1277.85
2292.63
2408.65
1189.96
3223.8
3272.56
4541.37
898.042
1891.11
2437.24
427.669
2353.3
1717.32
367.582
3011.77
184.023
2957.95
165.188
4249.38
2822.91
1205.62
202.021
136.585
578.728
1819.06
2039.25
771.57
1991.53
1889.83
2825.48
697.1
1563.06
964.102
2885.83
2054.15
5778.07
1033.11
378.117
156.279
2837.14
635.985
3325.15
436.503
2677.22
905.091
229.556
731.983
2242.35
3816.55
240.309
1677.1
365.579
217.558
224.877
6492.44
224.506
2913.63
290.028
3009.39
188.221
1941.25
165.484
2096.02
1652.26
583.127
1158.59
5181.03
1795.19
5091.78
3358.34
645.036
433.77
4410.81
1595.2
860.192
2892.15
724.296
284.521
3480.25
952.227
842.422
584.119
6297.87
1131.74
570.095
2901.27
3358.18
1330.9
577.835
2990.53
2544.72
158.192
4325.47
1744.27
873.735
188.466
457.023
1009.63
442.597
7227.75
400.152
1176.68
954.641
3652.41
2870.55
141.689
1491.72
299.909
3664.79
2704.8
732.212
704.408
460.656
714.938
1199.11
816.129
4841.23
1679.53
214.567
1519.25
606.402
3855.68
2053.29
1688.57
2536.63
673.255
256.903
418.851
1333.52
3584.39
3691.34
6270.41
1678.69
223.245
4958.98
3209.93
1195.3
2536.96
146.019
1036.25
1921.03
1708.97
3065.24
1970.7
1538.71
917.725
2650.49
158.483
925.465
197.979
4231.51
967.801
1202.04
2823.74
1442.58
1355.13
2305
186.871
2640.55
232.42
4587.76
3495.47
3121.12
820.673
376.582
2901.35
380.818
3103.62
6941.26
2054.09
356.882
2475.55
2196.13
411.858
136.012
986.638
1009.62
1605.09
5377.71
2116.85
1969.83
2396.45
175.159
2192.89
238.098
1290.72
629.361
2547.3
1170.52
405.522
850.018
605.622
756.147
1313.16
1547.97
198.405
1926.76
603.609
504.538
227.229
993.671
1088.8
4392.25
2005.83
1127.19
759.253
4398.83
142.056
2595.63
719.545
740.053
1869.06
550.734
1913.55
2186.91
887.617
532.564
137.493
475.722
6116.3
3525.95
464.94
4703.7
1906.42
3799.71
749.103
136.17
3479.31
1095.67
139.48
3957.79
500.989
1575.93
355.112
3167.15
3132.22
1108.97
3604.3
335.564
1237.84
2804.26
207.117
245.478
3853.78
129.305
1116.06
1851.33
1425.19
183.293
1714.96
834.389
830.651
4463.39
652.784
287.465
827.871
3015.47
3058.65
140.64
1967.28
144.772
225.085
1603.45
741.467
348.052
589.889
3747.34
365.025
160.226
265.956
1891.2
1302.41
3561.48
183.639
368.643
2362.86
1221.31
4610.13
1442.86
1052.77
831.252
639.818
531.457
7171.51
721.617
230.22
958.177
1277.47
2791.44
1460.53
929.348
2293.27
384.937
1501.72
4016.57
1256.15
432.281
504.558
1266.24
2612.48
389.179
798.075
3458.22
721.652
4005.17
3386.16
3398.67
179.623
1212.65
412.598
1119.84
454.927
1734.04
2687.85
322.114
273.073
2770.77
177.737
793.799
5011.38
124.371
311.808
2135.04
1787.5
1569.83
563.169
267.21
176.293
1757.38
210.875
1576.12
4502.36
298.241
2361.84
145.477
4786.74
2611.17
3366.21
204.164
5218.07
937.604
732.379
166.948
384.404
397.557
6288.66
316.877
1022.67
110.308
2735.54
536.484
437.024
714.377
1710.17
555.937
150.295
420.863
3272.98
257.361
291.858
820.531
847.244
667.85
661.625
343.452
394.993
114.283
1520.1
3544.73
138.238
547.347
224.582
445.411
235.414
88.1902
2402.05
1985.36
2060.74
1321.7
2018.91
238.686
237.953
3639.7
6581.26
179.326
1104.28
2823.95
265.146
342.267
467.141
863.079
357.794
1156.49
2200.46
4879.07
151.159
2317.2
288.564
158.645
4194.31
167.66
3228.75
3717.99
317.06
2627.33
128.464
7553.76
628.016
368.358
3625.03
237.974
1411.14
331.506
245.37
3915.98
1359.15
266.151
133.303
4081.41
1772.83
764.022
1410.71
3279.33
235.763
4620.77
3223.02
2950.02
1971.68
230.941
205.724
157.021
1508.6
1098.17
761.849
1594.67
1203.14
954.118
3545.67
187.134
674.757
2294.53
4680.33
2017.51
5332.03
753.876
4618.41
924.389
1105.04
1113.44
182.419
391.079
2481.2
241.558
1511.57
273.051
2423.03
2363.45
1379.09
1317.45
239.916
388.817
641.931
3657.21
1305.18
2904
267.501
4022.83
276.822
2552.98
1492.51
382.857
8827.12
4392.28
130.001
815.927
2541.07
142.589
106.296
948.922
433.128
184.148
1398.87
527.441
2727.36
4197.72
1994.06
997.423
2576.7
1861.16
1302.01
1435.73
3002.25
2171.85
1506.54
1147.85
204.7
422.94
2732.29
2415.29
182.984
692.672
200.111
1713.58
907.654
3323.09
1508.53
417.559
1914.73
86.9447
215.45
180.513
220.952
1062.05
291.377
532.886
4180.24
1392.23
3573.32
1351.29
219.009
141.834
2696.81
3215.53
3321.67
1470.44
1339.49
278.642
202.736
344.976
289.049
320.955
1393.31
4165.61
532.3
284.697
438.729
211.539
1432.24
3835.72
1754.55
1415.07
1885.19
4432.9
767.51
2137.5
130.093
156.318
2703.42
3016.99
483.679
4915.19
141.217
1628.66
440.465
405.6
2554.69
3117.89
3808.19
2755.11
772.644
276.978
507.932
405.3
6309.49
1928.61
835.479
2188.56
3972.16
5028.69
1200.47
177.279
577.154
1741.56
2325.63
1132.34
5044.19
150.96
297.46
1866.81
1160.87
4091.81
226.225
2540.73
1446.65
721.446
175.984
2984.18
1201.16
3779.03
192.271
324.771
713.721
3554.92
611.717
3212.26
1003.97
479.407
1150.79
210.608
137.691
992.042
2684.36
1249.55
110.876
1041.48
986.634
6137.99
155.942
4117.18
774.364
1962.4
1702.47
3330.39
2973.95
1958.28
1481.07
530.695
371.41
1710.14
3702.5
1068.26
523.924
3237.42
1635.99
4645.03
976.291
2160.76
5003.9
1382.17
539.019
2429.61
474.208
1468.83
403.149
1364.2
1126.8
3384.33
3888.74
438.173
3500.73
224.34
202.404
1731.52
232.347
443.785
316.169
2057.72
1084.63
1598.84
3541.52
173.557
896.601
3314.02
250.301
1311.36
4650.98
500.565
1000.76
537.786
1430.13
939.557
869.888
182.675
3287.47
282.977
84.4577
2920.29
1709.32
360.98
3156.91
3193.76
2134.07
4139.34
236.105
1684.22
120.879
2133.64
671.278
344.522
369.119
3291.07
364.206
402.967
4731.35
227.119
5177.73
4448.37
5309.8
330.17
2299.49
4417.19
99.4363
1122.64
1155.22
1486.72
181.68
125.934
4719.26
898.699
307.994
5081.18
3283.41
4151.07
216.308
237.282
676.222
468.97
528.683
1382.94
157.553
433.895
151.351
2644.59
2307.21
2114.75
1338.42
4394.08
3349.96
816.315
1852.08
6476.44
1019.23
253.239
242.968
1340.4
1818.41
155.089
1459.44
4147.88
5877.9
123.263
380.888
677.665
447.482
3672.55
560.024
3319.1
119.063
472.168
818.946
783.431
469.978
3061.3
1342.48
327.367
5452.42
634.465
1475.15
135.825
203.711
2146.71
3743.23
890.285
2776.32
3262.81
4119.6
123.238
1769.26
2410.13
1857.03
186.25
1000.75
353.741
231.985
1513.7
2908.2
501.345
1690.08
147.363
216.665
1732.4
223.235
1752.5
464.218
2012.15
2733.28
483.114
228.915
180.858
2166.5
2801.77
657.278
1591.69
1458.25
1313.38
952.195
403.49
180.125
2344.65
1916.25
1723.26
2437.45
626.393
164.236
3077.09
990.031
1359.42
1231.48
3578.39
251.069
200.15
362.646
184.488
175.809
4487.11
1153.17
361.025
4814.89
3002.32
4758.87
1069.09
1841.94
263.686
2819
2871.89
1744.26
430.37
1241.63
232.194
181.974
1638.63
350.324
4013.55
162.087
1641.34
2090.79
210.816
4836.04
3355.23
2344.22
135.494
362.944
523.664
2258.92
291.7
1270.51
2369.99
2873.71
1381.91
1729.79
167.134
607.532
1003.07
214.274
5896.72
1325.87
1286.85
477.906
263.271
133.366
2777.05
2281.66
399.965
2438.68
609.355
783.299
1150.31
202.549
5151.69
660.422
1468.13
5106.4
459.498
2110.4
3184.02
1498.8
247.59
2233.02
175.512
1765
1868.39
1487.5
2681.61
1939.54
983.479
2955.91
2339.69
833.493
5695.27
208.191
4493.59
460.244
851.63
1325.53
1074.89
1122.14
294.514
181.952
460.384
3178.36
154.317
4118.52
843.066
2999.88
896.483
259.944
2583.35
4989.57
1010.76
4262.36
1426.46
2976.23
1126.57
847.829
2715.4
122.406
2265.57
192.644
188.058
2434.81
1583.2
156.91
331.717
3129.21
179.863
1973.99
557.312
1833.88
1609.69
2297.52
731.5
2438.11
149.264
999.275
1410.92
4460.74
2629.33
2119.72
206.764
2710.15
195.52
796.229
849.196
229.45
170.357
168.798
127.556
388.992
2770.27
430.016
835.246
1964.7
1601.42
1267.63
267.273
212.635
2969.96
1691.59
882.432
3260.4
412.802
641.975
1499.8
4363.9
3629.5
1148.55
270.409
116.729
4013.65
159.133
236.423
3014.36
1541.76
265.956
2627.9
1952.84
431.174
1472.43
1420.88
2659.5
609.14
174.177
547.943
1661.75
198.355
691.445
119.156
130.973
816.279
1471.63
174.022
2224.57
1981.4
1084.48
403.9
1319.18
2903.13
140.871
4177.78
4028.5
1920.04
241.937
202.575
3912.47
3067.35
939.271
191.771
2144.32
5157.74
224.898
718.381
1036.18
1583.42
198.117
1968.45
977.131
3105.49
720.635
671.854
347.409
3451.22
450.456
104.596
5176.25
467.872
1367.78
2109.5
3808.09
3213.85
983.882
362.891
2453.57
438.278
4706.63
730.141
2173.2
2276.07
2141.78
198.98
147.353
826.438
727.447
2579.55
2344.98
921.3
678.046
1639.91
2138.77
1598.5
801.429
468.878
1304.79
783.957
177.31
1761.3
1143.87
5971.67
2416.42
3629.4
132.792
2590.55
501.033
2988.97
687.599
1659.25
3317.09
4747.44
495.741
217.327
140.393
158.18
268.885
514.919
1517.88
1411.23
1694.17
2528.56
617.021
1851.62
919.852
1369
273.659
238.992
273.704
377.387
425.548
5249.39
1601.17
1089.07
902.301
2437.6
102.548
664.207
3064.92
276.669
3587.61
479.906
1719.46
466.018
4071.75
2028.52
3798.05
4094.16
191.652
238.131
4348.79
190.348
583.983
1246.74
1931.79
3911.95
2081.95
2275.08
577.856
888.677
2822.17
7129.95
359.506
1059.02
1000.65
1431.12
1191.54
2477.66
245.741
1269.29
164.405
1193.76
646.444
687.897
2972.11
1972.81
5017.93
3553.36
233.096
3477.88
800.076
132.075
462.642
2461.19
3758.88
218.099
238.556
328.703
3728.62
1637.44
190.172
1478.29
626.961
739.933
869.532
1443.58
680.413
273.299
1446.09
1857.39
273.919
304.115
2169.64
2078.26
3147.87
1271.83
1528.87
301.115
1712.25
591.589
2791.95
5296.35
142.73
3622.93
3514.86
3567.04
385.954
2175.1
550.128
198.327
2674.77
1205.62
1807.58
5882.72
1793.2
3563.15
2153.2
3491.83
347.304
1934.26
601.042
1695.14
674.103
730.777
2287.54
1976.05
123.458
559.233
248.598
2032.28
2280.45
376.699
130.102
3314.41
199.988
881.492
271.857
1100.18
3535.38
4362.66
2253.73
158.984
705.48
1172.3
207.408
3480.6
1649.82
2061.95
686.878
328.956
1995.07
1765.76
3935.13
880.003
205.565
3145.74
1740.41
222.071
243.046
2360.11
3843.65
1239.17
2189.02
1688.14
2548.27
820.079
114.859
4707.11
277.456
4023.99
269.518
111.73
217.531
650.676
2768.1
142.052
601.511
517.451
522.436
774.589
141.473
1505.38
423.308
4358.38
2450.47
2468.76
1896.93
1475.8
373.466
699.24
1872.58
486.764
2296.71
1829.21
406.485
2879.88
269.989
2481.04
2634.61
1723.6
282.164
263.424
3004.04
490.82
5425.67
239.07
907.397
277.885
1289.42
2790.42
191.869
223.481
430.286
108.37
239.811
5066.94
4637.2
1571.21
2261.53
288.344
239.959
3450.31
439.514
335.152
320.238
246.006
133.748
2024.88
2438.06
370.057
392.341
452.299
178.252
822.268
321.295
1785.31
104.558
4456.48
1275.27
6302.57
274.422
979.919
544.204
2994.06
1058.99
2203.7
1353.47
3312.81
125.721
187.432
440.104
4426.64
2501.01
1550.79
3345.24
3048.36
232.975
474.293
1617.48
444.264
5088.72
94.4313
275.998
5006.04
142.852
210.614
151.637
1227.18
1149.94
2910.68
2015.83
323.584
2487.31
3431.95
230.479
1391.95
2221.72
3039.86
1739.02
1102.41
572.772
2174.83
3435.06
5441.67
3254.71
3014.55
1283.89
2635.34
2712.48
155.605
2399.71
295.488
4388.04
446.838
170.988
259.222
2883.62
3695.3
916.503
5558.21
1617.38
611.363
298.815
360.468
5749.72
230.951
175.242
442.627
5619.14
1384.43
1335.68
142.209
2187.07
573.416
1893.8
6669.87
7073.51
401.97
422.502
2308.1
1775.12
3479.05
3129.66
1135.03
430.322
279.688
2775
1566.5
3436.22
2647.82
409.197
201.612
4570.6
438.362
2300.56
512.027
682.618
760.874
2032.46
3023.87
102.195
2315.6
1784.72
1440.66
1209.74
278.586
271.167
1717.39
751.012
920.323
4621.8
129.305
3144.2
4096.88
1403.1
2817.35
188.981
1664.67
348.271
605.901
2014.42
173.393
2999.62
583.482
769.374
304.645
251.359
3100.14
2455.93
2459.67
2578.84
445.475
1209.87
753.611
538.149
1148.31
212.549
165.974
3259.92
451.528
2682.5
2488.58
2040.27
223.161
1224.52
1316.75
142.182
461.233
1524.62
461.479
262.133
124.234
143.329
1419.71
4416.04
2076.43
114.5
2971.35
1363.43
259.522
1687.76
265.651
522.598
156.533
160.38
7346.5
2008.6
217.566
2387.7
1643.15
1188.2
842.328
1571.57
2548.33
742.58
165.713
207.285
2769.47
613.364
3003.27
876.564
597.855
246.935
1875.39
4396.52
1380.03
111.205
478.659
1116.71
1644.41
459.161
634.823
2757.03
1055.79
1835.63
340.297
607.346
2104.61
3342.06
745.698
1274.02
4420.47
2841.95
165.446
192.322
591.325
2543.43
472.745
3236.08
1662.16
257.791
290.476
125.964
150.237
395.076
1194.36
1351.91
1173.52
3557.48
4113.94
122.596
3580.09
876.585
4288.6
4433.45
3255.83
1011.5
709.445
405.445
1657.64
1759.81
1498.86
235.898
443.375
159.716
1944.51
573.893
845.674
661.869
352.208
2158.71
1524.59
1153.71
287.852
261.494
3473.09
1168.76
220.318
3137.31
4178.28
813.285
327.334
436.886
387.433
2459.28
2635.03
4337.98
2525.38
6575.22
1406.98
1605.49
677.212
2248
161.505
148.679
269.064
342.107
363.738
2227.45
1907.58
1583.19
415.159
687.868
4277.39
2701.84
725.191
2577.07
2506.87
199.793
3109.02
2359.31
5548.74
164.299
1246.24
388.709
411.879
409.611
431.085
837.242
223.958
384.397
727.13
616.267
285.47
792.331
1712.44
2759.77
6746.86
1795.88
1228.87
1264.28
2263.94
1594.72
379.631
3067.98
233.556
197.076
547.995
378.723
2350.93
226.218
1719.39
523.005
4940.62
336.884
160.939
1717.04
5746.65
357.272
415.512
4970.62
1926.2
3528.17
687.985
2360.16
680.408
1366.34
3702.84
771.204
1173.01
942.961
243.355
172.268
395.191
1132.1
1188.89
2887.85
3635.07
127.881
1935.13
1272
688.874
1459.7
234.533
108.947
1227.07
133.497
480.5
5426.7
1009.98
6158.13
1587.37
4397.08
317.485
1396.05
4978.55
229.618
272.209
4161.52
5584.85
283.911
5587.47
458.593
1681.55
280.891
4673.82
3017.66
358.136
2250.68
4042.85
798.187
458.923
1820.3
2034.25
209.83
2292.46
549.086
516.711
2222.04
850.462
1723.06
517.718
2290.49
4589.63
4544.57
2266.26
3332.46
600.048
968.461
164.893
2512.96
2851.77
3170.15
218.541
2042
3932.52
673.97
894.626
310.706
288.248
2594.04
1224.89
639.932
1090.87
3863.5
365.669
1319.74
184.965
1049.16
2946.16
4449.02
925.559
4079.37
3218.43
1724.59
1074.52
130.645
158.249
246.752
1206.11
5934.01
354.149
705.918
198.431
2121.38
714.573
2389.79
230.641
4300.15
796.385
1571.53
2657.15
674.374
211.419
623.773
2441.71
4034.58
183.816
593.47
196.58
775.95
249.693
821.044
1743.39
846.715
1765.92
6288.64
2655.78
121.016
229.047
997.746
265.778
897.563
2471.44
3624.24
515.114
170.45
298.674
1049.88
340.574
1460.76
711.866
249.925
1672.55
2035.55
1951.04
2883.75
168.587
794.302
3280.89
420.948
2985.13
1446.49
2588.77
199.672
226.409
228.941
266.929
3301.73
2187.58
3725.06
348.344
6405.71
173.556
89.5839
229.019
1211.33
1149.66
1111.28
1182.47
848.922
818.788
3544.64
5673.14
424.449
2063.17
724.212
2345.68
1545.45
133.078
3084.09
2283.11
1414.83
2741.73
661.672
2584.83
2198.12
1074.41
323.5
4221.01
4902.23
1352.86
1794.71
1863.58
1320
978.296
3017.99
880.794
209.875
3488.23
183.994
1335.59
2415.56
3705.32
4163.05
475.874
3142.07
150.312
642.111
2523.04
2176.86
436.826
5280.13
1765.55
298.097
351.166
343.608
5428.25
301.077
4838.86
4397.57
104.263
3196.83
3112.44
192.154
4010.12
194.226
546.087
476.58
1193.13
173.954
2900.16
133.866
838.16
3008.99
1037.95
6918.04
3927.23
127.613
955.453
2538.73
119.195
1348.39
1766.38
429.728
3539.27
3903.1
1610.67
383.272
5227.01
163.319
1915.18
226.409
2428.44
2163.43
1084.2
2650.26
899.738
446.879
1655.02
751.131
2633.85
2996.36
329.979
662.433
3184.81
913.382
3936.1
916.698
114.366
1079.09
1010.24
4296.33
248.62
1413.92
5861.26
1525.25
690.221
1284.83
228.563
4933.91
1433.6
363.271
1325.85
1253.2
1193.71
1280.92
1664.8
1118.95
541.793
620.063
1534.36
940.868
1721.02
777.843
2506.28
1196.57
372.734
3505.18
3437.79
4011.08
115.898
233.311
4832.4
2248.17
1467.83
153.07
3749.45
243.559
158.993
136.139
129.354
174.645
2348.72
689.055
846.837
5882.76
1474.62
522.38
506
1720.61
147.066
502.841
1451.51
1983.67
4561.21
991.437
639.549
1966.32
815.768
146.601
532.714
576.113
160.565
3432.7
1277.09
1789.97
560.858
1338.26
2182.71
1735.52
3583.16
2741.83
4243.81
357.797
2175.99
2173.81
413.107
198.137
1036.13
1141.39
3322.61
740.477
2854.24
219.145
435.235
151.371
1367.79
2750
700
1452.69
758.48
1745.89
2339.46
174.573
351.955
508.3
148.061
246.282
2976.7
1534.77
360.962
4127.93
451.992
2532.92
1048.87
3215.26
3313.33
187.687
591.281
2867.01
1508.34
146.739
620.281
1256.4
1283.99
1030.98
1095.71
533.962
2011.28
2147.39
618.908
3126.09
5190.65
4822.69
1876.82
5713.25
5272.83
3424.43
1328.41
1422.1
868.705
1484.26
3968.52
1592.15
3181.19
189.614
4134.2
1964.81
383.56
1999.71
570.727
461.63
1514.22
164.008
2495.92
2499.41
316.578
1265.22
647.029
458.666
223.975
1284.77
4395.92
1952.69
1018.92
5165.39
785.372
264.528
3721.09
4172.92
3157.26
4741.6
1235.78
363.883
827.508
489.222
663.944
210.27
2476.71
336.652
2527.42
1098.34
1743.88
581.139
6397.07
4348.78
572.426
473.239
3912.55
2431.96
1627.3
3940.43
1753.15
2957.67
150.414
2142.74
1870.5
3036.01
144.892
119.776
1587.34
318.483
2618.09
1798.55
1049.43
1337.36
132.831
6992.55
219.376
115.417
1504.51
504.288
473.525
1535.1
942.501
5569.65
1957.2
545.308
372.501
1940.3
2107.12
3780.45
331.038
1596.53
777.605
318.997
1783.05
2179.44
1998.95
3767.11
1930
635.587
2159.78
1065.01
5406.77
426.51
2203.13
543.572
3357.03
4376.58
1273.86
962.726
360.535
1989.16
292.465
2515.51
1811.19
883.778
4871.52
3886.22
863.139
3068.23
175.758
598.08
2118.76
157.995
865.699
244.322
4729.42
4556.17
1599.83
1145.18
305.209
4979.03
2071.27
2180.77
142.598
4703.45
3100.31
2431.2
319.749
290.235
875.693
524.638
224.615
1737.1
120.243
2410.13
739.951
156.899
666.72
338.458
2235.73
3720.09
466.412
2196.87
6001.66
1184.5
3388.29
1559.17
3408.91
2923.91
110.893
2157.57
4585.15
745.724
3127.34
2670.16
208.977
250.088
4564.93
1670.72
394.012
261.481
220.409
751.152
953.932
333.361
187.525
127.459
1359.31
2359.67
4089.72
962.509
988.758
101.423
1856.11
136.303
159.753
244.666
2410.64
1069.68
403.132
354.141
364.305
3034.01
512.395
4578.65
2785.44
5655.75
1341.69
227.536
923.743
499.944
1417.27
1415.55
1442.35
1241.29
3469
392.625
236.897
914.038
154.76
327.273
161.49
196.206
499.229
1544.69
978.917
5374.12
1859.25
845.536
1701.9
202.877
5904.93
921.572
1442.91
153.409
207.133
2366.37
386.497
171.208
1430.92
687.438
2554.32
365.887
196.956
257.986
279.492
495.256
191.123
2203.14
2027.13
1682.79
1080.49
674.96
2843.88
2448.52
169.031
1491.19
3347.37
105.529
1354.55
154.21
2688.93
117.916
3603.76
527.07
146.438
972.691
6217.25
2135.47
3891.31
1996.2
1652.51
3083.22
174.069
477.29
1918.24
737.927
160.462
169.954
121.185
3803.03
493.619
224.932
342.521
2595.93
167.5
1801.4
211.201
768.509
721.457
125.469
4904.72
2915.69
1630.34
1434.02
3468.69
486.706
675.624
139.194
776.786
124.818
946.044
1063.22
136.947
3627.02
1920.56
2508.61
2276.9
1524.75
307.643
190.63
1632.84
112.076
168.548
2348.74
4092.88
940.146
154.287
3820.71
1022.07
525.609
346.611
3935.91
790.677
158.606
1428.05
2441.47
1242.8
3166.34
1047.77
3005.16
533.904
183.767
397.89
839.864
226.622
3002.7
1364.14
4221.26
3157.42
2958.69
1512.18
671.125
191.854
2845.16
1984.07
221.574
358.974
2824.76
524.073
1402.29
1670.02
1123.97
494.65
2975.63
1945.26
856.113
488.09
161.079
394.079
2230.31
1760.81
1824.49
4708.26
185.168
810.183
2253.85
6475.14
1243.97
913.729
151.225
183.62
212.234
1569.94
481.109
1783.43
303.159
5141.15
311.548
2488.54
405.383
510.739
861.987
2988.9
2667.32
190.122
571.678
2998.84
187.12
2137.79
572.582
555.468
3370.95
5246.06
263.005
935.741
3680.95
3298.83
3288.34
205.917
306.032
478.066
1564.31
491.438
195.344
605.486
5170.38
272.149
138.288
1067.56
631.064
1940.89
1152.7
661.792
1695.44
4415.56
403.647
182.882
1571.53
303.794
3551.21
2699.14
5312.23
211.058
2046.52
6653.18
276.995
1365.44
1822.01
2272.66
1726.53
476.36
609.018
2761.53
147.858
236.363
258.417
358.592
2241.82
583.645
670.478
2354.42
1011.18
2863.22
2723.98
2245.35
472.378
1861.89
977.539
545.955
1223.31
349.395
2266.61
2273.06
463.796
3877.29
1606.9
473.332
1776.97
904.598
8183.32
2151.13
3469.07
3144.88
1668.35
3344.23
207.211
2279.18
1939.75
1958.78
305.69
453.644
653.951
236.508
2978.96
1828.66
2338.96
2266.71
271.675
721.75
2719.31
1997.25
2405.84
460.583
3585.9
160.027
2980.39
419.223
5583.12
97.1551
334.558
2582.09
695.73
2275.37
522.707
4255.11
3717.39
134.308
2047.78
1762.06
2161.9
1771.71
2844.74
600.698
3433.29
3294.14
2438.99
7130.94
2731.62
531.812
3275
4483.3
3010.82
3742
2006.17
648.052
2934.89
182.248
1131.23
231.369
1782.59
244.72
1351.82
199.641
3025.22
1301.4
1772.44
208.079
1412.5
2380.71
472.845
788.471
177.707
247.42
3102.88
218.775
2417.82
436.387
277.871
4008.7
1442.45
5977.26
4552.15
711.209
199.123
1285.18
522.143
3228.17
4989.36
3241.32
1006.65
989.872
260.855
3896.69
400.639
3548.88
4303.32
776.546
516.886
1857.15
831.602
4089.99
2266.17
2636.8
2860.31
2156.32
768.935
1707.45
740.969
382.716
1148.06
3883.12
221.237
161.942
1705.72
475.212
1958.34
1396.84
2012.74
1686.77
1001.29
1268.13
127.34
2017.09
161.44
1381.58
331.854
671.166
920.768
942.956
337.006
2155.23
180.772
3005.37
3926.45
2216.88
729.269
2523.04
489.729
5552.81
3011.06
750.024
452.483
456.525
235.255
3181.63
2744.66
3209.82
5414.49
701.952
5173.46
1361.91
2280.94
1406.57
186.608
135.265
1126.63
1050.81
236.563
565.863
3329.89
561.16
1317.28
634.704
1060.55
939.323
1496.28
230.812
758.522
310.617
4293.75
1284.48
2890.84
282.211
3237.29
1407.61
2033.47
161.04
863.753
238.946
3009.77
5906.48
449.371
3303.57
1187.95
650.6
214.364
245.581
1559.97
430.179
281.175
931.701
645.386
3725.86
1237.61
1310.53
455.279
1023.49
258.261
181.832
2524.62
3925.42
1788.53
277.786
243.574
5859.31
241.178
1668.9
790.259
3827.06
701.995
176.86
3199.28
2978.83
1112.24
501.665
2625.51
2442.1
2813.38
3770.07
408.825
3976.14
1457.52
2617.59
932.192
124.542
774.811
2858.06
434.842
630.606
256.789
1246.19
1179.08
3074.1
183.89
2867.81
159.24
3915.77
1892.66
1741.29
1668.78
897.403
1997.91
1646.79
4732.66
1913.16
487.584
361.157
342.34
2515.49
1475.92
149.467
343.319
129.769
2417.38
668.273
314.382
131.012
127.485
1576.87
164.759
2052.05
2380.53
203.011
179.168
440.004
679.889
861.387
1246.72
5297.78
335.733
995.438
284.703
4084.97
359.399
357.606
7824.16
3202.15
2241.66
1498.51
1152.43
171.674
2998.94
248.645
4960.03
148.149
294.926
2442.18
1792.91
2502.62
512.95
1270.25
419.837
3789.59
552.18
2639.3
3496.38
6255.99
587.958
494.895
762.973
206.061
142.833
395.151
788.538
1974.31
471.38
163.05
2058.33
291.617
266.212
783.76
2419.08
295.031
568.871
2928.07
2049.23
787.943
2305.49
1626.96
787.406
2949.88
4970.91
419.895
1377.63
1210.36
1003.79
3637.67
2626.08
792.519
203.564
1097.63
1564.62
344.607
2874.94
213.692
289.692
1995.19
1542.87
713.778
360.958
4531.08
648.992
4740.71
492.165
742.972
280.18
174.051
1004.35
140.113
2481.92
3229.02
2248.98
2999.12
254.893
732.478
298.959
7273.58
137.693
1918.98
1027.53
135.996
1208.07
348.744
3751.3
131.873
228.379
5709.61
2215.56
1921.44
171.062
145.661
1203.36
331.834
1800.86
104.218
121.178
1047.62
234.706
810.998
3601.41
2234.83
3718.04
347.81
294.92
1062.16
773.478
187.749
236.435
739.063
235.838
1039.08
556.504
1042.96
405.375
3716.73
1493.09
1718.31
2011.33
3618.56
852.685
177.31
544.921
3785.79
3303.35
5884.32
282.171
1180.64
2453.33
1181.2
2934.62
3034.32
1260.48
2158.67
1933.05
746.632
3390.7
3735.7
3286.7
1425.57
796.108
2526.64
1192.31
1194.32
3586.97
1105.21
2487.17
155.606
3555.53
238.72
2782.3
440.387
458.177
2075.48
986.583
331.096
2573.34
3702.07
2042.12
433.89
292.987
275.65
4631.18
1147.62
2491.55
2963.53
4049.29
3529.77
945.893
369.859
943.54
1024.83
1131.49
2019.54
692.829
2713.58
504.379
355.577
5156.81
147.333
975.697
453.011
3017.65
1811
1457.35
2141.8
1134.41
2800.68
336.564
122.139
1683.92
4162.23
3817.18
989.078
642.059
208.24
159.27
1802.05
4525.97
6939.12
302.552
669.51
680.632
2270.91
3668.92
2381.19
72.238
1148.62
648.18
3259.27
786.288
1662.25
1705.72
2057.61
2838.29
3201.38
676.219
3172.52
252.219
728.268
4583.74
3460.84
507.607
257.527
2052.19
2150.3
1928.79
4103.98
1530.15
1678.65
612.427
1322.25
341.853
479.566
144.155
1234.81
152.49
3589.7
541.596
1590.75
218.557
372.247
2955.17
2603.4
348.693
5458.17
1252.44
176.143
1088.08
176.845
2026.68
656.228
1326.05
518.274
981.946
1493.63
2218.32
160.853
2718.16
2458.55
125.741
203.347
1213.1
147.515
4914.6
217.034
2232.38
1388.87
1458.42
1908.04
2869.57
135.646
181.318
978.669
185.242
5205.81
2711.7
166.906
273.535
183.201
2967.48
2200.71
525.569
563.268
2395.22
1809.56
1549.77
1700.47
2342.38
527.213
3119.48
498.298
151.039
488.828
347.422
3445.4
175.936
448.751
2913.77
1618.52
227.496
2864.67
487.025
4637.13
1461.13
1196.83
222.371
1711.14
196.526
970.912
1867.19
8554.84
200.343
1538.17
460.663
1184.23
3793.65
1664.76
633.706
3314.43
696.694
119.384
687.686
2024.12
307.44
1335.92
3369.27
227.989
183.899
587.809
125.603
277.39
579.568
182.793
252.098
1389.07
409.07
5416.11
123.374
286.861
209.736
705.354
495.205
1342.86
3662.97
3269.77
542.202
1307.49
3502.6
693.961
1676.17
193.312
6088.96
294.487
242.244
1022.04
259.404
289.942
599.114
2896.75
564.885
3330.16
2622.05
1453.42
1734.46
175.074
141.434
204.888
185.564
125.242
1409.58
1262.56
2202.11
2894.31
699.959
2181.89
504.245
1028.23
184.868
1359.61
344.538
1506.49
1145.47
2834.49
1121.13
2011.02
3587.31
2443.98
1491.4
2667.44
1121.45
1474.32
997.636
210.708
756.69
821.354
3402.73
503.816
203.728
589.169
972.43
995.326
3057.33
456.814
200.914
264.065
2116.15
4019.24
2721.56
4453.66
442.461
2253.02
3202.89
1322.26
3140.03
234.521
1427.8
1812.06
2624.19
1135.96
184.284
300.971
1849.34
338.451
2059.47
447.358
2145.81
4545.58
1774.43
232.028
3288.45
461.145
2031.38
330.704
3636.01
499.775
333.042
302.287
440.169
5398.19
599.702
1902.7
106.901
1009.83
2502.04
555.462
184.255
262.587
1285.55
114.508
182.178
1006.32
240.863
95.0158
5014.73
193.188
1224.91
179.682
1650.75
151.655
505.179
1453.66
316.183
212.916
2013.65
313.358
830.95
1233.75
913.552
644.277
572.822
202.979
4280.91
1384.15
378.085
4285.93
1456.73
209.249
2575.13
271.858
4804
218.753
277.61
216.965
549.783
2204.53
1939.43
576.187
182.688
374.148
1630.51
379.01
293.067
2132.07
299.801
1513.33
2744.33
621.403
128.813
1236.36
300.988
939.236
278.093
3217.38
1232.69
3742.3
2692.7
1724.88
370.106
2477.36
742.552
475.119
314.184
847.934
665.509
695.456
2544.59
1496.35
402.621
2242.03
700.077
5213.23
763.172
1654.58
1552.35
503.865
727.042
4429.38
7803.8
1686.31
2733.85
4263.46
503.401
557.502
329.652
336.828
1850.4
530.391
3174.94
4360.1
318.708
651.794
1156.56
1038.21
510.609
343.094
452.256
257.891
1099.87
4612.12
180.445
822.149
294.779
2841.76
362.536
1958.29
2979.2
2581.32
1814.84
730.99
779.672
6199.38
2612.18
1574.49
702.789
779.965
2436.29
361.89
1009.87
2285.59
614.588
267.098
467.772
603.833
603.111
200.51
499.778
393.6
2626.54
720.47
236.754
230.012
1116.28
468.336
1669.04
234.157
235.879
2844.32
910.26
321.657
175.186
2592.33
2659.99
2955.57
430.777
2903.93
332.756
973.006
245.572
1959.78
912.771
216.923
266.868
1293.08
2807.88
2375.93
175.379
2986.14
577.545
5897.29
1534.36
132.119
1454.53
254.202
201.893
3553.13
2367.11
665.917
181.203
843.406
3869.75
3965
1909.67
1533.68
2250.99
119.303
402.339
426.934
162.745
3727.11
1321.04
666.656
4483.08
3385.65
529.456
656.24
341.547
762.54
198.109
1655.11
1913.73
1774.96
2811.14
2758.15
2843.54
920.575
3354.12
5256.44
1022.16
364.969
1600.94
198.668
2140.94
4595.47
2811.98
1400.14
331.839
4243.06
1170.29
304.88
587.172
371.249
1071.08
1099.9
569.458
2366.62
1377.9
4221.85
3298.98
1703.15
880.258
856.798
530.516
813.142
146.814
207.594
3198.46
2803.27
1712.55
171.134
1486.4
610.862
473.313
1086.99
610.005
5173.17
880.022
2902.32
166.624
2523.52
408.524
1265.87
2907.13
1882.57
1437.96
2020.6
888.297
4229.44
3877.34
5471.98
2254.89
440.395
2973.77
1139.43
303.145
177.71
4506.51
1839.87
3038.92
1890.22
1695.61
977.269
97.0649
956.147
2218.35
775.599
1503.87
674.068
660.685
1320.37
4667.85
270.462
478.713
468.879
155.748
2218.05
164.119
4344.63
1486.29
403.185
401.856
3218.87
1975.28
3022.89
3853.09
125.833
438.239
191.869
296.931
301.755
158.214
1793.8
1043.78
285.284
2802.73
1030.59
2614.73
263.018
174.31
1354.39
193.802
2607.27
124.605
390.113
147.892
198.103
3155.44
2808.77
186.645
5940.64
190.824
569.668
2010.66
1512.15
2700.88
111.439
379.033
287.145
289.663
2242.91
413.701
452.172
865.586
2397.73
226.51
1413.47
3118.24
2467.55
1321.01
106.315
1948.05
322.156
3143.45
3715.92
2289.6
629.01
785.473
107.575
190.224
1626.11
521.788
435.994
190.361
503.26
650.796
1931.66
4310.07
1739.52
1548.57
2038.81
3372.15
414.735
1215.13
254.886
554.882
1652.62
2456.73
320.571
1194.77
231.042
392.45
213.739
2577.94
3844.3
293.688
4785.22
1580.75
239.978
1369.98
184.162
243.89
4864.37
1414.84
2481.44
1140.25
261.733
230.469
1500.81
1145.72
1576.29
3569.45
494.808
1496.73
1613.92
130.123
2383.13
2459.19
3217.85
3725.16
792.225
3237.34
907.83
208.016
592.347
166.853
1438.81
1430.47
250.448
1226.23
3761.05
232.525
169.117
1694.02
1214.03
1928.54
224.297
1144.33
6142.92
2469.16
171.189
3332.75
3535.64
2081.41
1562.65
2070.97
312.269
1023.64
1691.48
1957
419.644
4245.17
4974.52
2101.54
3347.94
1038.36
530.397
137.801
315.92
177.08
1002.44
705.366
1119.23
169.868
1860.41
1877.05
850.46
305.33
250.863
361.002
4731.24
3042.43
2674.39
132.701
1282.98
333.724
706.953
1843.12
1839.04
143.259
4189.19
1538.17
2663.35
654.612
2725.86
2980.74
823.053
2419.12
3361.57
965.871
132.326
215.418
217.929
4017.86
316.905
837.614
882.476
1572.09
1071.48
715.724
169.744
137.134
3448.97
357.257
218.737
694.514
1374.54
227.774
1352.8
194.538
214.83
413.295
515.087
2393.32
2692.91
289.214
2114.19
3098.78
1022.1
195.947
6663.24
1940.6
1527.46
1995.15
256.043
2483.55
2154.62
433.096
1615.84
1825.94
290.689
6331.09
517.553
2843.67
474.016
335.947
1324.6
1931.66
273.675
1551.83
153.438
3167.48
5243.26
4295.02
953.012
1178.51
1523.27
4052.61
3764.2
2380.55
254.587
1235.56
379.584
3059.55
1561.22
1303.02
1646.81
2695.23
292.842
564.429
1305.27
766.629
1887.46
1552.44
528.134
370.682
862.055
315.996
288.489
1154.29
1369.92
623.545
393.722
338.51
3571.08
1784.15
2767.96
239.243
3083.24
1146.04
1179.54
3578.01
1471.97
5169.19
923.374
248.324
1306.88
2738.2
2567.77
1018.95
549.835
651.338
191.055
716.606
3861.85
167.669
1866.88
193.079
3528.53
782.991
1124.58
880.181
7495.07
163.268
2123.57
1174.26
3845.47
3388.42
1976.48
369.758
5220.44
6495.27
4585.57
2560.96
1846.96
1834.95
2566.72
1763.02
3304.32
897.407
3146
2137.27
185.137
148.757
1119.81
632.939
965.608
169.759
272.453
1867.63
495.373
655.391
4877.78
226.303
449.658
798.127
1606.06
631.17
3695.88
496.408
1418.39
1214.87
140.35
446.382
6025.43
1744.74
143.345
2234.13
1701.71
2461.28
1553.36
6268.04
708.219
2598.93
497.736
2729.06
1053.4
2145.83
3467.69
800.867
430.197
2495.37
1074.43
760.724
659.596
1435.91
205.658
421.112
771.436
732.94
569.216
311.917
1265.86
3161.34
154.576
553.751
2256.55
1700.88
1770.5
397.077
578.23
3456.16
258.085
1726.1
438.792
524.037
334.739
981.068
3932.15
3550.49
1771.48
1174.69
1008.46
2223.56
2088.97
273.053
1037.36
1176.92
1173.81
813.374
517.448
3962.88
421.26
2453.78
172.685
329.184
3249.09
3513.15
3050.05
4121.06
138.915
1233.81
3111.54
366.695
2141.35
3964.46
589.787
197.115
172.589
2873.56
1956.32
162.831
382.688
2883.08
1895.59
1537.06
203.871
225.323
256.871
2655.4
414.188
740.005
142.819
253.315
1841.29
2284.77
160.118
1650
4239.8
3696.52
265.053
2930.7
1682.95
1136.55
817.494
345.588
2121.69
2902.52
2491.56
969.285
489.52
182.976
777.685
588.699
7047.29
2691.65
1327.67
1280.09
158.114
125.646
4345.67
1805.68
2810.07
1484.77
1440.85
2355.38
4432.84
3929.15
494.855
1312.8
627.149
5387.49
3494.65
145.911
3814.87
2494.02
4657.91
4570.34
907.829
1727.1
773.613
1690.06
2040.92
152.411
195.02
427.293
396.778
2319.01
1040.99
2897.7
545.98
2085.8
3189.29
910.541
1205.5
224.002
2563.2
181.046
1859.05
4210.14
776.301
150.362
6061.31
4531.11
1939.73
302.337
457.248
999.504
834.256
2290.99
1504.34
1249.42
199.794
1043.5
2498.22
268.74
253.663
1756.82
134.467
5985.96
4182.56
1199.56
1471.04
2856.24
4990.07
1691.77
4470.49
2252.01
309.891
110.235
2378.37
2764.75
736.58
3300.89
1407.53
2485.78
1429.73
2089.44
171.581
6865.9
1237.28
127.248
403.481
617.44
2005.73
840.055
1291.69
312.534
289.802
3657.24
2229.64
2399.84
157.131
2385.14
406.02
2239.52
285.476
4872.19
2363.24
4416.16
2387.61
469.448
2981.42
6487.55
770.264
325.984
239.345
1290.63
3225.64
625.057
565.47
183.353
687.432
199.178
1911.73
339.881
1019.88
952.303
565.491
128.617
1457.03
297.008
674.779
4447.7
980.414
414.997
131.863
1721.01
1063.19
1294.52
2508.97
90.2321
1947.72
306.611
1873.24
3122.51
527.877
3257.78
580.092
3029.2
236.332
1461.31
1831.38
196.685
599.408
146.209
6431.25
482.271
126.035
258.447
658.913
2853.68
121.289
183.674
260.018
1063.8
724.43
209.004
632.082
139.047
297.719
312.011
887.702
561.252
2097.9
156.116
754.552
3007.74
1257.57
5637.45
5509.71
179.116
7002.47
208.571
391.63
1602.32
254.271
3051.58
3778.12
206.497
1402.11
398.816
144.309
6532.01
4449.69
2857.66
380.712
133.374
992.893
2228.93
2649.99
842.419
287.966
123.749
1054.91
3705.98
144.576
548.231
198.626
244.034
3531.25
4749.96
3760.43
289.604
356.514
135.604
2018.68
410.878
389.893
2616.31
5715.28
643.539
2319.01
2146.65
1200.46
2946.92
944.079
291.206
1523.77
4786.12
1756.98
300.242
3318.83
217.567
2473.61
262.237
2539.92
2312.48
1879
298.946
159.328
3888.41
364.515
1080.02
165.577
3035.5
2364.87
3263.51
1133.24
273.9
378.329
3301.08
3029.62
228.097
1663.16
1733.36
330.172
1593.44
135.734
443.366
1528.72
930.238
2545.18
126.051
180.774
2390.74
1423.13
303.614
633.398
3024.57
678.445
1158.01
1159.63
1763.73
2283.33
299.794
151.356
1350.54
2312.38
3829.49
2708.52
2192.56
222.893
777.579
1969.9
1979.43
1462.96
167.576
375.868
761.737
181.106
4242.47
1941.08
214.66
213.563
308.488
5010.04
1246.03
230.136
4098.51
1261.62
844.983
4611.61
1738.38
1344.03
131.362
296.27
402.78
146.065
349.204
308.209
212.349
533.301
2313.48
1164.4
488.298
676.995
212.474
3965.91
219.136
2003.17
1073.25
325.933
5230.23
227.547
565.326
277.465
738.157
2048.46
1254.32
2385.46
3800
534.745
5043.31
3245.91
591.486
2009.99
681.798
348.226
415.404
251.652
2128.3
338.795
146.983
275.027
6471.01
305.903
3704.42
335.176
651.47
2009.99
1782.6
596.651
2761.85
3937.39
2570.34
1507.97
1758.91
7312.62
1517.65
3419.45
238.248
2543.21
825.519
190.136
836.806
6063.01
174.888
1887.35
1690.43
3028.97
310.528
213.618
1171.67
353.091
175.771
4330.43
1034.9
4066.9
654.427
683.705
3625.91
130.775
229.727
1057.92
141.505
442.417
2629.32
405.711
4161.49
98.9511
6864.97
438.787
1168.8
862.894
1410.53
278.642
108.195
707.672
1705.8
339.874
564.664
213.845
5154.26
173.218
1909.72
144.048
505.503
293.861
830.157
6036.48
226.744
1619.71
186.775
1093.39
294.65
3916.29
282.919
2781.68
3349.94
3263.29
2090.61
4140.5
3140.4
2077.27
871.726
573.107
1134.7
1500.65
3985.24
1503.89
1996.41
2820.09
1381.75
173.862
1806.84
193.991
2100.1
2876.39
4562.78
203.942
237.16
2309.95
442.391
373.381
586.42
1161.12
3315.14
1269.09
1832.47
4432.96
1626.55
7028.36
412.955
1661.1
1307.91
2316.78
5379.38
312.378
1349.09
2931.25
3789.94
609.907
3269.72
2071.55
6620.29
114.739
2330.47
1204.17
5713.42
640.532
274.609
541.082
3096.1
199.363
1662.74
2106.54
1713.42
193.514
452.643
193.104
3569.01
97.18
258.344
162.345
3802.26
1179.81
2679.64
2749.75
176.091
2969.47
430.896
1806.23
1031.25
2869.97
140.403
3347.38
155.629
4986.67
1965.83
3791.56
583.457
223.674
223.206
707.264
199.634
2007.63
937.258
219.199
245.851
695.923
190.151
5881.9
3145.04
3860.43
1523.23
3608.57
1903.91
1546.88
1517.71
230.193
544.609
318.19
184.773
2905.87
2476.06
2152.75
362.602
491.66
1668.14
279.41
156.902
2510.17
3513.65
4111.75
1566.17
3198.69
1413.96
100.113
153.017
249.919
393.713
794.684
2692.24
771.586
1564.22
3102.22
225.609
1633.28
1578.15
203.407
2173.79
2237.95
484.256
3901.75
3442.7
1723.29
1243.46
410.195
1794.6
1133.01
925.601
112.858
2484.39
221.728
475.13
3545.26
2432.25
2097.65
1652.15
133.57
1210.7
1168.29
812.538
4216.64
2208.17
2139.74
3171.4
402.462
346.803
1148.52
905.616
1063.8
449.304
3118.15
236.245
1659.18
1877.24
344.819
876.683
3974.14
1037.83
1739.97
749.163
2384.45
1589.61
3967.47
2591.27
1854.48
3134.57
5108.88
2252.24
682.863
338.002
746.055
596.874
1474.75
835.611
2870.88
1227.22
472.69
5406.7
2788.34
2138.27
2858.87
442.903
923.123
258.224
2156.48
936.462
596.719
5196.58
3681.66
415.752
1644.64
1843.22
387.233
1556.77
270.384
966.935
751.082
901.87
1761.98
254.22
2422.11
5460.91
247.316
1389.64
90.9925
2045.38
490.463
2196.34
464.929
598.869
1598
844.132
172.687
1275.18
4368.06
194.04
2918.5
688.444
2263.78
1748.55
2644
1354.61
591.971
6084.08
3710.31
1689.73
6292.11
4006.79
1169.9
2141.86
230.058
332.391
165.181
287.287
3226.38
3695.11
458.678
128.56
2278.42
217.942
1231.82
1062.42
667.783
1280.87
301.958
2324.35
607.144
3437.52
1943.29
236.802
796.541
180.987
3226.6
757.617
149.276
1577.9
4866.65
626.641
