3.14455
8.31284
-173.221
-7.61059
-12.9898
20.1258
-3.61201
-72.8804
69.1877
-26.2934
17.9661
34.6861
-0.55022
14.1369
383.421
-173.243
303.285
-5.85803
10.6996
175.652
11.5168
-23.6325
149.478
18.1141
43.7306
-66.4227
225.757
-77.3449
-22.2925
-20.2725
-13.5532
5.41255
-4.68866
111.63
-24.3578
-28.4513
31.0832
88.3105
99.8849
7.194
75.2754
-3.15124
22.3786
-7.73582
-27.0707
8.9178
-46.3033
44.2661
-54.3686
-6.96288
-35.4151
-17.6932
48.6225
11.5672
-1.79112
13.4674
86.0213
40.5926
33.1785
162.176
-15.408
-18.0541
20.6516
83.5794
66.5229
-17.0815
268.016
-125.907
-55.8347
-19.8358
64.1588
-11.232
-4.45
-3.81022
-84.8587
50.1557
-74.6374
6.82489
137.354
10.8847
-4.15893
24.9919
12.0733
-4.6
160.407
56.424
13.002
-117.336
192.745
-1.11609
59.1284
-2.75141
-18.4971
30.4734
103.57
-42.1748
14.3775
-70.0874
-1.06374
12.18
-10.1111
50.4242
12.0031
-92.8978
-2.27811
50.5508
-20.5432
23.5318
1.66523
-7.5
-6.01345
12.5
14.1409
-36.5302
39.3798
18.7815
-3.83094
49.9709
4.48544
-19.2841
0.31813
43.2166
38.3215
-25.1491
143.964
96.4255
24.0224
-67.4161
-8.63976
52.3259
48.0039
-31.4694
102.882
24.2512
-4.16377
-5.54915
6.58388
16.1526
18.8265
43.7359
-23.5541
-19.5884
-26.2265
-31.9246
-37.8982
103.987
8.15661
43.8202
-12.3594
0.827679
8.12522
-5.55736
-136.68
-115.499
-70.4756
-39.3825
-7.86617
57.1214
-12.4979
28.8125
-1.24606
-77.1593
26.5687
49.1145
-22.5337
-83.6331
-14.2103
-9.32864
-14.642
3.78785
-11.05
-1.87158
26.1086
-109.042
1.92175
1.11679
-15.8364
171.44
155.469
21.4345
-99.7763
-1.10573
90.3107
-64.6078
-8.77127
-75.6846
6.95176
-0.809266
-1.48964
-5.03484
-63.9928
-8.9093
-24.7986
0.287041
3
-10.7179
42.1282
0.058638
100.533
-40.9691
12.7983
20.3455
-6.35
-10.2148
6.867
51.2358
-5.09021
-17.6445
-14.7338
-12.6505
1.1688
42.903
25.3646
9.10284
15.7219
-10.165
-19.2242
-41.1603
3.88535
-69.0194
-115.856
90.6179
-15.4047
-23.0243
29.8866
-102.941
33.0876
66.0389
61.5242
-17.1014
-321.389
10.0446
4.79991
-29.0457
13.6823
-7.61143
-1.91398
9.43535
-11.118
27.3886
-2.45072
51.9274
-89.3643
-79.4953
-8.341
-11
39.8126
-153.247
9.48538
-1.27158
91.5416
36.9248
-5.33414
36.4842
-67.0815
17.8504
129.421
13.6202
-13.6928
-87.7153
81.1721
-13.1902
5.39625
-7.55
-66.6694
4.9636
-24.7517
-15.2112
235.276
4.08553
-1.17709
29.3185
-38.0106
-18.8257
5.35986
-0.00921731
26.9991
-1.62201
-0.6
-39.0581
53.7673
163.506
-9.84358
-3.14691
-1.82824
-80.8827
115.186
-2.53174
48.3826
17.0701
133.831
-7.13471
-22.4874
26.792
-28.7364
29.256
-4.78012
-1.05656
-16.1573
-60.6868
-28.9822
-6.51316
4.15
-14.6105
33.4212
21.8019
11.9074
31.1606
-3.2522
-18.5464
0.114621
9.81787
3.57064
-9.99481
-27.5098
-6.2184
25.4828
-27.4571
-107.102
33.0703
11.5259
8.06368
2.61884
-61.1619
-8.4818
2.65328
-105.813
11.8917
42.2548
24.0737
-14.9419
-19.0778
-26.9688
64.0493
-23.2869
11.4827
-57.5271
13.1305
5.0105
-32.7464
-100.023
-50.4699
-18.6747
-1.90107
-15.0168
13.0505
5.05219
-88.1771
-24.7455
8.50251
-26.3064
-6.22905
-14.3087
-79.0186
7.65289
-93.8108
17.3173
18.5051
-133.487
-52.7736
-32.1398
-62.8839
-19.3549
-59.6563
-3.10633
10.859
7.96519
-55.0148
-30.6763
-9.18147
2.31671
13.5819
32.8315
30.877
-17.4974
-58.811
11.8456
7.83814
-5.44105
-86.11
-13.0076
9.79595
-5.82702
-39.6308
-75.6361
-126.429
109.878
-3.45671
-37.9301
-17.7237
3.67436
21.6094
9.52375
39.8449
-74.8266
105.25
-29.6
11.6732
1.75662
-31.6185
65.7854
107.117
-79.0545
-38.9797
47.07
65.8925
-133.218
-31.9588
-19.8531
37.5788
-9.36295
34.3562
29.4124
41.6156
76.3364
-1.97247
67.5586
0.444559
-40.0879
42.2231
-21.2053
10.0676
-10.7628
-0.87222
26.8976
57.3593
14.3777
-17.6233
-66.5174
-28.5189
-5.74548
-95.5758
43.6791
-4.5
-40.597
20.1099
48.2679
-25.3647
-13.9183
-8.73508
23.0838
87.4877
-12.7127
-133.948
-31.0641
1.6541
49.6327
-44.1133
55.6964
0.717512
-100.442
-9.83155
4.98872
-14.7064
-233.104
-5.47092
103.81
1.04605
26.4476
-9.44614
34.9209
8.01243
-30.6278
38.9284
36.7175
10.7984
-15.0781
1.36312
-76.5044
-131.212
-1.09584
8.81209
71.3548
-67.5961
12.8297
-122.533
-8.75
-8.05754
144.222
-105.189
36.2065
40.3705
-307.212
14.6508
4.8906
-151.261
-63.3988
31.2582
-4.41943
-31.8399
-8.0975
5.38482
-31.1965
26.0133
43.0799
7.27254
-12.2342
43.691
15.5464
-254.09
-11.7467
-8.22914
-26.0403
198.128
100.421
4.57721
47.4948
2.04013
164.703
41.55
21.9856
-4.52708
27.9119
21.9679
58.1583
67.1291
38.9758
-55.5675
-7.81361
-27.1589
-39.7396
-11.6
-3.86036
10.3767
8.35076
-29.7427
-9.4954
1.07875
24.9498
80.211
-16.9178
16.903
104.741
4.73898
3.35
-22.457
-24.357
76.5696
-10.6541
-1.82799
-133.841
-19.4269
99.766
-67.4069
-0.4
-4.56305
95.634
0.513903
-16.5867
9.57376
65.0177
35.3413
21.6729
-33.1287
39.3518
15.0114
16.7882
-7.4237
117.607
-5.09184
-355.597
100.428
-135.441
3.23011
-6.067
53.1702
-31.826
-146.989
89.2639
-66.9549
9.272
123.336
103.543
-10.5331
-10.7366
27.0759
-81.7535
-46.3487
99.9845
-99.4141
-58.2796
-28.731
5.63605
-18.1324
-12.2059
21.0163
32.4248
92.5872
3.36123
0.445737
13.7112
-35.1091
-31.9746
-15.1036
97.8312
-16.9739
-69.6519
34.3631
-13.1011
-18.7581
-32.7847
-6.49861
-201.69
81.2246
-24.1835
-9.88161
205.176
-11.5043
-21.3594
11.2145
-8.5232
-39.7709
1.87084
54.2743
-88.2804
-41.7738
-41.8842
7.44996
19.4998
290.718
60.7687
12.2839
-35.428
4.20447
37.1909
34.3946
-9.03438
15.4029
-23.4002
8.80728
88.2397
-1.10862
-37.1873
-2.96216
-79.695
29.0918
12.3588
-93.6004
-30.1647
13.7727
55.5476
-1.45446
-12.4934
3.04653
11.3222
-13.9067
24.6933
56.33
2.42568
-87.8128
-9.77648
-8.78901
71.1951
-29.2697
-22.2306
61.7502
184.754
112.47
-2.9205
-64.4983
6.5734
-13.9878
30.8037
17.7052
21.4272
18.7716
7.4
18.4135
-4.72568
-5.09506
-71.0219
-42.4873
-130.1
3.0433
13.4489
-88.617
49.109
255.133
32.9546
-17.5549
20.0858
11.1094
-50.5406
-7.52973
-23.2332
4.89128
21.9819
-7.07549
-129.931
-90.7702
-30.3079
-6.95
-5.12835
54.3761
93.0443
-47.8531
33.0425
8.35017
-59.5334
124.638
-17.8078
-10.9475
121.764
-0.603595
75.0382
135.416
-39.3352
-2.77607
-43.3294
-15.1322
-56.9496
1.64691
-53.0121
7.91291
-23.7222
14.9937
136.332
-6.19323
-17.3559
72.7492
11.6086
5.32074
-49.4212
-28.7357
65.9291
3.99722
-20.796
-1.92621
-40.4196
4.72965
-14.7083
-22.7646
-5.22387
-59.4253
-8.07771
-200.063
-76.0489
-17.3183
2.41034
-100.491
-37.4319
47.7884
-12.6425
29.309
29.6848
-69.2243
-22.692
-42.3448
7.99684
172.378
-12.9587
2.42874
10.9059
-19.3351
-5.36755
-2.33491
-37.0282
202.507
-6.64129
23.5748
1.02639
0.253118
-16.0365
-34.8382
-16.9356
19.6585
3.40697
-45.707
-71.9659
13.8882
-56.898
-3.13007
28.3474
2.87959
-3.58498
13.472
19.5355
13.6514
15.7908
77.8996
1.53878
8.07833
54.5139
-180.765
9.04827
-26.9538
-84.7781
-3.89592
-7.95872
-27.8776
-22.9333
23.5122
-54.4273
98.2576
-30.5266
6.27285
22.5198
-14.3912
4.4265
137.019
3.81734
-4.8191
98.567
0.820512
-48.0081
3.58929
249.438
68.419
-3.81401
-88.2846
2.77716
-24.0854
16.0384
-10.9505
-54.5678
-52.4294
14.5735
9.60799
-54.0881
-36.6225
0.299825
67.393
-123.347
-9.47443
181.427
-52.606
-79.0927
71.9849
1.3488
3.59757
9.13433
-130.745
24.5522
25.898
20.422
31.917
29.2502
214.006
-27.8739
50.2599
139.61
-96.4552
-15.6034
176.814
-29.6443
80.5321
7.80023
-98.2944
-30.7363
-6.14557
-7.83367
39.8955
9.49448
-26.8089
11.5568
11.1779
-11.856
-99.5671
4.81649
0.279142
7.82418
-11.9054
53.7487
132.342
61.7269
9.08007
-112.3
9.443
-49.1349
21.0431
-12.1727
95.8402
217.804
8.11992
-33.6698
-59.7765
-4.92819
5.71748
21.2991
12.7566
7.19006
-55.1543
-14.498
-7.52472
110.861
-81.1642
4.97658
-23.9956
-13.6366
16.4469
13.8704
-99.106
13.5836
-113.349
9.044
-21.5107
11.3425
47.1915
139.622
6.41887
35.411
6.70603
-52.6216
35.7206
61.4146
29.1549
-4.37382
-109.564
-8.99872
-15.2738
-4.33086
7.17742
-4.65
-5.378
-9.4
-50.8699
-18.7171
21.3545
79.501
-2.63816
0.733629
-18.0506
48.4153
-4.24069
102.356
-29.3265
-3.50074
8.29161
24.5855
17.8673
15.9371
16.5753
-324.528
12
-1.00929
-9.0924
7.95195
4.09854
-56.6919
-2.4
-41.7144
-6.65
39.273
-7.38906
-53.891
-7.60844
8.82358
-86.1348
75.4827
31.1716
16.3536
6.30098
-6.48439
21.0286
8.85122
-132.857
-59.7258
81.6362
-42.6952
87.5005
5.75335
-0.14655
7.92912
73.9227
-72.2056
-21.5868
-103.997
47.5137
10.1
53.2539
-18.7036
15.9922
16.0542
-20.0333
-49.9519
127.963
4.88207
-11.7522
4.25
21.5687
176.452
1.21449
-105.51
-41.255
25.1775
12.1956
29.2976
-43.2938
-126.517
-4.7733
7.75834
27.7694
164.181
31.7841
215.499
-37.5719
-3.07137
-51.7221
9.66148
8.82099
9.50428
-162.252
18.6652
8.97974
31.5077
-18.1468
-143.68
4.83481
-259.196
72.3497
12.4344
56.6276
-77.0312
-52.3291
-2.48706
-44.2369
-1.35436
10.7392
25.7467
-110.304
-13.9088
-14.6889
60.4265
-80.2321
-16.4299
-56.2257
81.4585
60.3005
49.9958
-9.57911
-152.704
14.8052
19.3654
8.50865
36.372
43.0805
-28.1122
-9.3
-4.13549
-114.172
-8.88968
2.22664
-9.02009
16.124
-15.4617
-8.76706
-30.5057
-25.9818
-38.9961
-81.2044
-7.70424
-40.9315
-27.5147
-2.53479
-34.0883
20.4595
-8.58739
-19.0685
20.7232
-57.138
56.8232
22.6734
3.04592
62.6067
6.35212
2.88134
56.1239
-26.8037
13.0324
-69.0083
62.2047
-46.8917
89.731
12.781
15.2527
5.37442
23.3284
-2.83784
-17.2769
-43.4052
4.74527
16.2655
6.91754
-150.631
-5.64879
-216.667
-320.13
-44.0319
-20.3231
-76.4743
39.2056
1.47292
-41.3503
30.6615
-22.7887
2.80699
8.10434
88.1409
79.4819
2.28658
167.367
-67.6262
196.813
-16.0963
10.7367
57.446
21.4924
-13.6265
26.7495
-8.54027
7.38036
1.63542
-58.4597
-43.2597
23.0773
-9.05423
141.257
-122.769
54.1376
92.6251
45.6267
-30.7031
-23.6755
-2.95142
6.11619
38.8946
-3.53047
-76.4896
-194.611
203.246
1.19194
1.25589
27.6002
17.8357
136.758
-31.2064
100.987
-3.07752
29.0714
-22.6605
-6.64629
-11.8564
-157.209
18.6557
13.3456
40.3604
0.830023
107.877
5.95962
-4.7943
130.652
-64.4968
-11.1032
-135.724
-24.9316
185.33
-2.55193
-3.88903
138.273
-7.29141
-11.3179
-25.452
7.03796
-9.12477
-1.21171
-33.0771
-25.4919
-44.2674
-8.75108
-0.0766248
-36.0372
-7.38234
13.6857
41.7967
-4.5955
-41.7988
22.7426
9.20054
-5.89895
1.27421
16.7677
12.2238
8.20383
-17.6155
-29.2757
2.50094
-12.6001
-9.59366
64.188
89.4516
-66.4324
110.124
4.21357
-5.06821
-51.5657
2.10981
-8.76495
18.5543
-141.114
13.7155
0.162657
-11.5803
-12.4
7.01835
-116.42
-58.3047
-10.1006
-42.4999
154.943
90.7082
4.55065
-64.4046
2.1802
8.79609
66.0366
-16.525
-6.6089
133.234
-7.19177
-4.81276
-7.69265
4.75046
-135.724
13.8088
-64.0684
31.8976
1.70085
-144.61
13.5681
-33.1432
-11.9533
-26.1912
19.9298
-142.408
2.99699
-3.76128
122.142
34.5186
-30.8282
148.175
-3.06444
-41.3311
53.8988
2.70613
526.622
4.86186
-4.4172
-37.3149
-1.00245
-5.3509
68.8929
-59.5545
13.6622
58.0697
2.37551
-13.5733
-41.2477
-1.26989
90.5395
-44.1772
75.6205
115.841
-4.57295
57.2159
-138.325
79.93
-13.1409
-53.3974
2.73208
-33.8435
-7.98177
-42.778
-64.1391
46.0981
32.1053
145.476
122.621
8.75
82.6847
-8.8913
-260.081
-8.10519
27.8788
-34.6416
-34.4703
-1.24754
-8.57092
-2.79886
-24.7204
42.2189
11.75
1.65276
17.0884
-22.8218
-21.8653
3.13464
68.2054
124.282
-70.392
-62.3819
-22.9502
-127.879
-2.1657
-8.13726
-9.2
-12.7861
96.5395
-7.50237
0.150983
-81.1051
44.1751
-8.83558
-23.6667
-58.3576
-1.9407
-145.055
-25.3993
-81.2904
-85.7421
12.5
10.5038
-35.1021
-5.17167
-1.0405
-11.2852
27.5983
12.3597
-54.3371
-7.94226
-66.1732
7.47689
3.05
22.0669
-2.38342
0.314317
3.56362
-6.66201
2.35731
-20.7582
-8.51572
37.6095
-17.0194
-63.3929
-41.038
14.0836
12.0282
41.8559
-46.7137
1.08386
126.031
23.8944
-11.6181
70.1947
-120.139
-200.723
5.48039
11.2495
-5.20113
172.105
-2.45548
2.37281
61.8877
-20.8291
17.892
37.314
101.832
0.210597
75.9291
4.35652
-23.5688
4.44665
7.39215
-4.28801
-156.943
-4.25489
-24.0391
3.38283
-5.93237
-43.0144
-7.30035
6.58082
134.557
-14.7955
-29.3263
-2.04021
-7.84779
129.8
11.1343
157.503
-11.85
-52.6665
6.02722
-6.71474
-33.4559
76.5778
25.5143
5.69682
-143.43
43.6891
3.41084
55.105
26.2826
34.5976
-12.4194
89.1537
-20.7223
106.173
-58.1039
27.3634
7.50596
11.9
11.1973
6.7615
219.268
-24.2198
-28.4525
-14.9992
98.2338
132.359
-3.40124
-9.89489
-3.75
32.8591
66.6641
5.63883
-92.1414
-9.9586
-32.4142
-4.01108
-8.98745
-12.8996
48.0019
-102.55
4.65
7.6115
61.1483
27.5585
87.3895
-23.4762
-37.6884
-16.8166
-47.4192
101.192
10.9153
-28.0912
21.9517
183.525
77.1297
23.7006
3.32528
49.0774
-15.5843
86.2909
-28.3456
-29.4381
-53.5571
-112.715
-0.685891
3.56493
12.6658
-3.32944
-15.7465
-33.0406
-28.9946
-18.5512
41.7635
23.7436
-39.7303
0.802347
-22.1825
-29.6984
-8.48066
-11.2305
3.71852
-8.24671
-11.2597
-117.897
-13.1605
-85.8879
9.2
59.0373
-11.9217
-37.3823
33.6375
-0.242827
6.61242
10.2069
79.9121
-26.2781
-18.8811
34.7092
46.661
157.304
5.87372
-1.5144
-11.5903
6.30216
48.232
102.479
47.4216
5.05
8.64647
68.4943
21.0831
-38.4883
-15.9177
325.089
-36.3108
-27.7186
-4.7
47.2967
24.7542
127.482
-5.19439
-30.7606
-2.11926
0.538051
6.13144
-4.49556
-162.679
21.7174
-272.369
174.722
0.401507
143.546
21.4228
11.1734
11.3468
101.032
-47.1523
-16.1846
-7.04745
-1.87163
102.285
85.9534
1.24755
-78.0283
-1.5
17.6553
-9.02693
10.7792
6.19353
-0.116856
3.29775
-80.467
-13.9684
9.20204
55.7797
39.7922
-109.472
28.4106
-32.0786
7.67918
-141.812
-6.73517
32.5508
-12.4026
4.21091
196.931
109.224
-4.10362
-22.3457
-110.565
-13.9124
10.2821
-71.7054
35.6094
67.5544
-17.6863
-13.1607
-52.1431
87.8139
-52.1342
-13.5541
68.9567
-35.575
1.9
5.3845
-31.3299
95.0984
-2.56479
-4.18893
-31.6985
2.97221
-141.578
55.3992
-48.6659
-0.0472218
-12.5
7.49833
49.1297
-0.718232
68.6999
204.55
-79.3361
-115.949
2.65257
-49.5083
-18.6499
4.6784
231.641
-30.031
54.4545
40.2768
-22.4459
96.1949
-41.941
-119.643
41.6181
-19.4962
120.677
-56.897
-6.5221
0.574259
-80.1922
100.689
-5.27323
107.723
-32.2113
-47.8271
-4.23294
-15.9583
-107.541
11.449
-116.963
-6.54858
-12.8514
1.67141
6.21664
47.607
-16.2617
-31.4872
3.11776
20.4437
-60.054
8.50006
36.0519
1.43327
-57.3498
-132.908
-1.55158
103.987
-36.6191
10.3474
32.7656
42.0366
-18.5109
47.8054
41.0938
48.792
36.7245
8.71605
40.0771
-80.749
-51.2075
-5.50381
-0.188801
95.9378
31.9595
-346.834
4.31558
31.9269
11.7989
12.1254
16.2978
-6.22709
10.6126
23.3367
-2.57154
1.19519
-64.777
240.17
134.287
43.5533
27.7882
-2.38619
-15.256
27.8107
-19.9868
-15.9595
-7.607
-0.710779
20.4238
34.7241
-12.9094
15.385
27.9357
11.7261
-26.1736
13.3433
37.075
-11.3449
122.772
-25.3672
-12.6923
-12.2886
-22.4939
23.8769
-231.307
-35.9851
-97.9406
17.9572
98.6668
2.45531
-6.42602
21.5081
-169.913
76.6533
-91.4573
55.2579
164.956
9.4931
60.1615
9.6
-2.76714
201.771
-12.1711
15.0667
-159.954
6.47547
-9.45836
3.02957
-5.14178
66.0072
98.7979
52.9276
-6.18205
-150.916
-43.1591
-3.64435
-75.7876
-72.7088
1.32082
-100.111
52.7162
-21.6728
-94.1388
41.1573
145.994
93.5706
37.1015
36.9634
206.788
-11.0148
2.36445
-98.2776
-3.11186
127.473
29.3171
-10.4539
-9.00005
9.26926
10.243
60.0976
-13.5283
-54.5744
2.95313
-10.3335
-17.7574
68.561
0.316892
-4.71324
1.043
-0.831574
43.0056
-65.2481
8.75891
13.5117
-8.33453
-47.2761
275.167
42.513
-69.4215
-1.79004
-73.1176
-19.4464
-11.15
103.884
-0.338935
16.9709
-25.8984
-3.85
66.5425
-89.506
-5.10108
24.1767
12.8077
-9.50919
20.3428
-9.24003
23.1973
33.5654
4.27085
6.22409
-173.01
-12.2458
77.0456
17.3497
27.2072
32.112
-4.75526
10.3122
36.0848
-2.9377
-0.366643
-38.0404
6.91165
65.9024
40.7198
-20.6034
136.811
-17.4029
62.4173
-4.48356
0.3
45.5448
7.14396
2.27376
-8.39674
7.8853
3.94123
-1.97093
-139.714
84.846
115.966
-2.33812
25.5471
10.65
32.6001
9.05956
-61.3359
-4.17072
-11.481
-36.7798
-12.6022
-14.986
12.05
5.20922
-27.6553
-72.5924
-62.9206
0.775825
21.43
-41.7768
24.4859
19.5318
-10.6254
2.89451
-49.6163
238.654
-0.565074
5.17982
-3.71371
30.3146
1.01476
53.7342
-20.2148
35.1626
5.77709
10.9525
95.5429
-47.252
-1.09316
7.65
-57.547
-81.9854
12.45
-76.2067
-85.751
-0.883523
6.25069
8.95244
113.641
22.5622
-112.531
82.4713
27.4005
-1.05999
64.1068
47.6474
70.5556
1.5563
31.6589
11.6125
-14.1891
-24.6235
-2.90568
-29.29
28.171
80.6029
-7.78722
9.53551
22.3152
-19.2355
-41.7927
23.3757
121.59
179.843
-2.6595
5.37796
-49.8369
-27.311
23.0851
-20.1383
-109.301
4.87593
-4.53572
11.0539
-1.61808
-0.839855
23.6541
30.8687
-51.3995
215.501
79.7014
-6.94011
101.415
11.5425
237.763
50.516
-27.3309
15.1697
10.2445
15.9723
61.43
-78.8359
-40.747
6.12287
16.1363
-0.236378
10.4796
12.5
-39.0683
26.9484
20.0892
13.0265
-14.4601
-4.39401
19.7941
8.98568
-121.091
24.6436
19.5775
157.733
-30.5802
27.7257
26.2994
11.5
5.03286
24.7841
6.05265
44.8203
5.73851
366.647
2.40747
16.236
-3.62536
-11.2689
-1.91799
-7.94733
-19.1452
-4.69494
10.2687
-13.8717
-85.031
-21.1542
-0.39907
39.2938
161.114
100.25
81.1019
75.7999
15.4877
13.8624
-46.1436
70.6425
226.124
11.3306
11.6379
25.6781
-29.7736
-14.5316
-11.7257
-28.2881
-3.24047
1.02533
-16.179
38.3876
-17.7156
23.7388
-24.6704
144.413
-252.918
20.9259
69.1422
-39.6825
-34.7731
34.4336
-13.3042
-36.5993
-1.70537
3.00169
15.6275
-19.0097
100.672
5.47535
-49.6753
7.63216
-167.411
-5.06569
9.27758
-67.9553
33.2152
-10.2741
20.9357
-315.839
72.8902
-65.3531
-36.6601
50.9869
-26.7348
-3.65436
-13.9844
17.2096
27.3416
53.4164
4.8042
-8.97472
27.0974
14.464
56.767
-44.5705
-117.579
10.4458
24.672
11.25
12.4023
19.8692
-1.45441
6.14924
56.9972
5.19236
1.66301
-229.302
-10.2274
268.977
-118.851
174.522
16.9737
-38.3182
-2.33159
0.994369
-5.32816
107.479
176.039
0.844683
-84.2191
-20.8722
62.6991
-6.8623
-71.0561
31.698
6.00718
56.1088
-23.0772
-23.5059
15.3373
-26.7788
-185.01
0.498796
-78.6389
17.4195
16.1024
28.8255
-8.03688
27.2811
-49.3372
25.3472
-156.968
109.123
1.00676
84.2765
21.0623
-17.6922
2.53902
-115.611
155.668
-45.6345
6.56362
4.55
-178.945
-11.0154
-26.8884
-3.91864
12.45
-72.8686
-49.0583
-6.84626
59.0856
-95.39
5.07669
-40.0979
-6.27879
-37.453
26.9301
-238.564
-56.807
112.584
5.1753
15.4695
-30.1496
-8.26921
9.27502
-17.3439
46.4052
273.888
20.0687
-3.16428
15.3865
40.2076
-33.2331
-9.93948
-10.3874
-145.696
27.135
-9.07127
-98.0524
20.3222
2.62212
-19.6634
-22.9641
52.6633
5.8397
-14.7952
13.3865
15.6196
-0.799232
-5.67951
-45.9984
43.3424
-20.8832
15.9321
69.1116
5.82937
13.4063
-23.3417
-5.80665
4.34562
-49.055
-84.0436
-11.4695
-11.1543
-4.02423
22.1825
-7.82824
29.7278
12.9128
-1.12703
-43.749
75.7234
40.7168
-163.459
-7.95
-24.55
-66.3822
9.61535
-67.1481
-31.4254
-1.48596
7.74856
-10.701
-4.35849
-22.1566
75.4186
-55.7176
4.55763
20.2942
109.867
-2.89322
-2.4845
6.3894
91.6258
36.7838
-6.95771
-42.9662
0.99772
-24.245
-0.971819
109.42
-36.6825
-95.8607
10.2441
-42.2709
27.52
-8.0424
-9.7
-114.743
-66.5314
0.553967
4.78529
66.893
49.124
-12.9762
-3.48297
-108.331
121.367
-0.0103729
89.1391
86.1371
-33.2728
10.6684
19.7576
-55.1529
11.3373
-109.08
-3.5236
10.8159
-45.1862
-165.915
-10.0852
23.5734
100.781
0.829232
-33.3716
-68.373
-98.9132
-21.2467
-279.729
-39.7882
-10.05
9.38688
4.85
336.69
2.02093
7.65
110.77
8.94066
1.08465
-14.883
-10.8543
93.6543
-0.3725
-42.2587
-5.28456
79.4337
1.31012
79.7622
-3.80197
-24.7435
70.0608
44.3569
209.207
147.72
-7.66572
35.0793
2.38274
-7.15873
-34.7408
116.539
-25.458
137.701
-31.3046
79.9957
11.85
39.1493
-2.62057
42.2745
-8.08892
-167.493
144.974
41.2374
34.1506
70.004
31.7673
-114.514
-22.0433
-191.451
12.434
3.20393
-40.588
111.823
29.333
78.6577
47.6389
12.9633
37.2064
-33.4815
52.0496
10.65
-21.5355
211.615
62.8285
-5.91436
39.3862
-8.54557
-135.943
49.974
8.84843
-14.5152
22.3764
-44.946
76.1098
54.6341
14.6756
1.20872
-20.1107
46.5817
-68.1362
6.93814
-66.8157
-81.8045
21.8626
31.8372
-12.6779
-8.53095
-109.196
5.24308
5.18766
24.066
61.3141
43.6681
10.9979
-26.5704
2.64914
-1.4326
2.47121
-0.641634
-5.07366
-175.665
-41.1529
-25.1412
80.5616
28.1199
0.574205
-24.8858
-69.2611
-4.99339
21.8035
1.44544
72.8951
-47.2945
27.6778
45.9571
-45.1068
-38.0155
12.2499
12.9546
8.39602
-7.93509
-22.4268
-21.3475
-19.275
19.9238
1.24727
57.862
-101.687
-41.127
-117.501
101.418
-0.325892
145.479
163.155
-28.2957
-6.00305
-78.5501
12.45
19.5205
-28.4583
29.7974
-3.2917
4.69117
-4.50854
39.5211
85.4889
4.5435
35.3086
-2.43823
20.329
-133.833
-9.9554
-16.4555
-3.96992
-0.765495
11.95
122.038
12.6729
-4.13416
62.0064
18.899
-34.073
39.0198
-268.567
-85.0902
0.837337
-75.7727
180.236
-27.4709
-5.79325
-15.9698
-28.2387
48.2382
6.72355
-10.2976
-11.9305
-0.716632
-74.1714
-54.9575
-41.1479
-173.562
130.814
-76.0694
127.153
206.177
-187.177
-65.4773
-3.75
39.7991
-92.0582
151.476
-87.9464
71.5341
11.0272
56.0679
122.973
0.05
-10.8465
15.724
1.74952
104.387
1.51778
-151.514
32.5396
15.9801
58.1805
9.48332
-19.6462
2.90906
-22.9621
-27.2271
-24.058
31.7144
81.6322
24.8201
14.2949
-223.57
-4.65
26.8331
-181.662
-17.2767
5.80473
-29.413
10.6495
-18.2135
-8.09367
44.3148
-18.4955
-69.334
-22.4759
-9.50875
-5.75948
-20.9289
59.4554
-2.3377
3.45
-29.9937
63.8349
44.8359
124.669
45.7006
-95.251
-0.819868
76.6885
111.692
-25.1665
11.3019
0.365042
29.0666
11.4439
72.4686
54.0609
-17.3555
-28.4662
-3.47562
105.722
0.193421
-5.7754
-3.90648
-21.7797
-10.6148
-28.382
-65.589
-289.45
3.22182
16.9029
20.7658
-1.48081
-130.49
125.28
6.68631
152.223
15.4888
-19.1745
-97.0802
-53.7574
-13.0215
58.8533
-59.7737
-11.1827
84.9331
-23.3465
-64.6502
-13.2017
67.0088
25.912
-71.4513
53.1651
45.4783
47.7737
6.41353
98.0109
17.7996
-104.848
-12.2804
21.5841
-42.5139
149.771
6.34319
-231.657
-3.48191
9.59688
53.1867
6.71784
8.49858
-8.49969
43.2392
-187.35
-40.2845
-56.9307
32.3046
211.389
25.4112
25.7035
-6.99692
-29.6294
106.572
78.3069
1.11615
-12.8756
-19.6759
0.776229
0.678638
-78.4151
-3.3067
-15.1623
-30.1592
-8.32638
22.6553
1.66455
171.791
-77.8548
8.38115
47.3679
-45.9349
15.5138
-80.6417
-32.774
126.011
-214.879
-5.84567
119.942
7.3
-22.1827
-125.764
61.842
7.07366
7.46173
-144.269
29.0234
15.0745
-0.0472305
-10.7853
25.5355
87.4789
-39.6572
-3.7142
-2.12385
3.12348
-38.1627
95.1065
-12.2037
9.88562
5.33428
-43.3306
0.751368
14.7197
-1.41647
-20.0074
-37.7442
-7.95172
15.9004
-18.5273
16.428
-7.01221
316.787
65.1549
-24.2064
-31.8194
6.72213
-17.1399
-9.45378
-15.3768
21.2649
47.6738
-48.1331
57.2324
-8.08347
-12.5
45.7332
9.1
-6.26996
-5.01167
2.09966
-8.69195
-89.2484
-29.0023
-88.1439
-1.3252
54.7415
20.1006
7.77841
45.9243
15.4892
-25.7161
6.23819
1.4166
29.0823
-19.9391
3.1674
-27.0723
-45.9014
-27.0386
-25.1352
9.46055
-7.02784
13.1733
-23.6592
-13.1084
89.2577
-58.6525
-32.1327
37.1554
-52.4329
-5.16074
44.6185
9.45075
12.2027
6.9
-0.493691
66.0571
-4.94232
-1.61404
-11.2945
20.0941
-14.3167
-4.57499
21.5103
96.8332
-55.2295
22.1068
-29.5087
-17.6235
70.8502
-0.256408
-13.5375
-2.69793
-18.8555
6.75861
-1.33142
9.11207
-107.446
-11.5
11.5322
-10.3577
110.777
4.39557
-53.6239
6.42813
60.6765
3.59351
7.88844
63.3268
-47.6361
39.4202
16.5633
19.4487
25.3297
13.6847
2.33217
-37.6335
5.71659
35.789
-24.0124
-9.81507
-96.3437
-61.1964
-9.82242
-29.022
-26.6918
-0.553872
-0.645296
-13.1009
-9.29497
7.43115
47.1874
118.416
13.3892
3.8845
-226.873
-9.65808
-12.6018
-9.45365
115.781
-8.77499
-11.75
106.49
73.6643
56.6507
53.5344
15.5802
96.6572
-41.6703
13.9247
-13.8591
15.1378
3.38576
-63.9601
-5.35048
-63.1296
-4
-8.6
44.2445
-30.9801
-7.05433
4.69968
-70.7223
-5.63626
38.6356
73.5497
27.7364
49.2146
39.6311
-60.8701
-1.9941
-57.2985
-52.9182
23.3634
-13.7813
-8.33262
3.60807
90.1177
25.8289
64.9287
-118.455
-8.35518
-22.0613
86.6237
198.127
-4.50174
31.1817
-8.03871
13.0956
1.3752
-22.6828
29.1396
99.5689
12.9295
21.3875
-26.0191
54.3687
-27.9966
-17.784
36.8021
81.4864
-102.136
-16.2873
-13.449
79.9108
-6.977
-41.9126
28.5855
12.0045
48.459
21.8988
-9.35731
9.43985
226.887
-13.7552
-64.5935
11.2619
-6.98937
4.39533
-22.5146
33.1096
6.78588
32.0231
-197.37
-6.49356
-6.49763
-4.17205
45.2447
0.718745
19.1588
40.3912
-40.432
-24.5772
6.44962
-4.14656
38.1928
13.7416
1.6
-4.65
243.259
-3.32561
35.5447
-17.3319
-6.98403
-15.9336
68.4382
-29.6507
-50.7273
23.4745
15.0921
-100.239
10.7555
-6.62867
4.11872
-27.118
-144.674
-12.3076
11.7389
87.0794
-6.40545
-106.47
-134.278
-38.7392
-17.0803
-18.5894
-25.5499
24.7012
47.8975
15.7331
68.8797
-28.6433
13.7394
234.352
-72.1896
-57.5649
-62.1935
-18.9894
7.85
-45.035
-8.24927
100.763
-29.8884
137.257
-7.1316
49.5089
74.9705
22.7622
8.4
-19.9447
44.6762
-2.68847
134.41
-55.959
-17.7465
10.5346
-11.7255
70.8108
-106.004
-20.8355
95.4771
1.9711
116.846
9.24104
197.409
-15.8791
267.873
-1.18709
6.1095
22.5884
8.76964
-25.9433
1.14892
-107.642
-180.17
-3.67265
5.39133
85.5779
119.341
78.0086
39.3755
-2.08801
157.073
36.4816
91.3102
39.0448
63.2089
16.5569
-61.3304
-81.766
37.0397
-64.6918
-21.4767
-13.7763
-43.1731
-6.48503
-4.82712
-4.1411
-22.7528
4.99618
5.61031
-8.6689
-13.1452
65.9022
-9.10629
-0.783058
-80.4465
-93.6264
-6.37877
22.3607
2.04084
-7.52911
-187.588
-12.9599
49.6138
28.0239
5.7997
151.417
15.0318
41.5777
13.7225
49.9836
6.37744
-37.6294
19.5998
-101.07
206.386
-47.2092
-2.9745
-7.89772
9.62151
167.152
11.4475
-75.3897
164.583
-15.13
-10.7203
116.58
-28.6406
51.5431
-43.5275
142.978
-58.6172
18.9034
26.7096
-62.3274
-21.5331
-3.51697
35.7378
-30.4302
-0.543711
-5.47685
23.2611
21.9862
-32.5154
48.3961
146.92
-5.21649
31.1628
-0.3
10.6844
-49.9199
-3.31103
-16.0286
13.6641
-47.6943
-11.3532
-13.2264
-37.1284
9.02136
-10.2877
-288.164
-79.0031
-94.0693
5.11568
-7.8
-9.74652
137.996
106.722
1.93695
-19.7391
-26.4703
10.0345
-216.072
98.6756
14.8649
-135.493
-20.2721
106.107
-0.484374
55.6366
-100.029
-3.65047
-4.5611
38.5806
-86.3092
3.0661
9.86447
287.602
12.9442
36.5036
3.78315
21.1968
-23.725
18.9478
-5.27144
-10.4622
26.1491
44.4835
43.0296
-152.649
-10.506
153.125
-30.7268
-96.8879
-4.58134
20.924
11.2426
-122.147
45.9226
10.6465
-26.0834
-59.0989
-46.2016
12.3877
9.32204
-31.1074
-20.0314
22.6233
15.2048
-8.28956
-59.1402
-5.46597
-21.6756
-3.38373
7.82499
-28.5664
-0.0527897
-73.1365
90.4646
-9.20231
-22.0287
9.30038
65.5727
-11.9
-50.9593
-49.479
11.0201
24.6487
15.4446
58.9906
-26.2511
47.4933
-17.6699
-11.9
-52.1232
18.9841
152.284
37.7851
-177.989
56.5691
136.789
-25.3542
7.1347
8.55976
1.93024
-8.85465
5.81969
18.4739
-23.9733
-37.9017
32.128
4.17615
22.0289
-3.86185
101.441
-70.9166
22.2979
88.041
63.8718
-28.3091
-38.3819
72.485
-28.8037
4.10827
-31.319
15.8113
75.0108
-46.4655
-0.47574
-9.26891
-7.73462
-102.389
41.5952
13.5503
-2.21108
0.811561
24.4242
11.9843
0.0892004
81.878
7.63437
-1.50193
-19.6625
-29.9107
67.3079
-9.44122
247.186
14.7469
-13.2482
-13.1332
47.0147
2.79854
16.7413
77.8811
31.652
21.0618
-52.6442
-62.8243
0.696699
127.563
-8.81111
-7.01456
6.80195
-2.3368
73.8733
17.6284
-63.7805
16.2964
30.989
-33.4715
147.8
54.0645
73.0236
118.548
-15.3766
11.7477
-49.1426
59.178
5.65557
-0.75
-9.57232
15.6213
7.20404
-13.1139
-6.55858
-38.9694
-15.2014
10.1854
16.347
-54.1904
2.46167
-30.3906
-2.14405
-32.4386
10.4991
-58.6602
-2.50311
-16.7492
-7
-308.978
0.0872525
40.0568
-6.06643
-20.1442
-140.092
143.132
25.0502
12.2895
-0.943019
45.4577
19.586
-57.2019
16.8864
22.1926
36.5113
60.46
-27.6484
-17.2324
-177.145
-1.68807
-94.2395
55.0684
15.4364
2.93794
2.33102
-24.304
0.12702
8.17172
-210.808
-18.7173
-7.25169
8.86394
71.5177
3.8333
-52.3045
6.92148
-27.9727
-15.4705
1.53264
-24.9775
0.165215
-190.882
10.7423
-16.9069
253.23
86.8575
74.5165
12.8347
4.83187
41.3198
-0.200855
27.1321
-8.68027
8.25599
71.8859
-6.08975
-64.1589
35.9965
148.906
53.618
-6.68293
-10.618
3.60946
-39.5559
10.4816
5.7504
-13.8566
-10.0578
11.5348
27.222
18.7538
-8.6144
117.871
111.56
12.8521
-24.4702
-36.1757
1.03503
11.7472
-24.2618
156.382
-25.4336
81.0001
14.5162
-0.772388
53.0512
10.518
146.62
-62.5005
2.26485e-14
32.9118
-30.9065
-3.61658
-16.5282
-165.098
-0.368001
-3.96933
4.58002
-83.5771
2.13307
120.589
-33.2103
-50.6633
-19.8224
15.6583
-162.074
4.86171
-84.9029
-15.2766
11.3485
-7.61378
8.96007
-9.51974
47.8706
77.822
-63.9592
15.0579
2.07667
-6.07114
-96.7608
52.3066
-8.32161
-145.327
158.312
-33.2073
23.9186
-33.719
-56.0276
-71.9911
-39.0908
20.5595
-9.4
-3.25615
9.67291
18.5885
-82.853
10.0753
14.9353
-11.3433
85.0165
-12.1235
-2.97162
7.43099
-60.5592
-52.9658
-3.83685
-0.362335
1.28875
-107.154
-128.817
-22.5508
27.3661
-9.03012
7.98776
-31.6127
-351.104
-94.0843
17.5461
-38.2811
-21.2893
66.057
64.4202
55.5561
-0.432053
-5.20089
17.6696
-17.1738
50.1371
10.5296
-9.21214
65.9126
86.5842
100.694
-9.78943
-31.1446
1.51789
-7.45442
33.4303
97.6789
22.1518
2.35466
35.4103
52.808
-30.4089
-21.4861
55.1297
71.98
13.6467
-17.3877
-4.6704
-7.3064
-1.69996
-6.27872
-6.42424
99.2286
14.3459
-8.28076
3.08922
23.9138
-67.9637
-34.5762
-25.837
125.492
11.096
7.81282
2.21782
-7.5296
44.5411
25.168
-33.5661
20.1251
18.6828
-49.6317
-5.93235
-9.41655
-55.9922
57.3676
13.9478
-0.399241
-4.69071
6.23963
-73.988
-7.01453
11.6555
-55.5021
42.6183
98.5844
-81.5613
6.75
-5.19305
5.2
-7.1018
39.8925
67.568
-23.0516
-10.6268
-7.79697
39.2391
26.6969
17.2883
-3.85
5.50649
124.144
-37.5249
24.9267
-190.326
-48.1412
-69.5557
-22.1359
7.25358
14.4535
21.8336
-46.336
9.41274
20.3838
-49.1415
11.6019
-1.6212
57.0547
-11.956
-183.37
-6.53148
-37.941
-11.8839
-195.931
-0.237763
-25.205
-163.476
-204.982
7.70168
-112.369
-7.28161
72.3978
70.1268
-28.2113
42.8143
95.0248
23.5879
-9.26384
-8.06317
40.5746
0.944071
-11.6617
-74.1843
21.7467
7.07469
-5.29302
-2.73797
-7.79467
29.9265
-7.50398
12.9263
-10.2517
-30.4803
226.7
5.30224
-9.14926
-6.84203
19.474
8.23719
145.993
56.6059
-163.744
-32.1229
-13.1849
-137.225
-17.0725
28.0018
3.72075
-89.0286
-0.0373425
4.00678
40.8924
-11.6208
-10.7719
-19.9733
-29.9735
8.29086
73.3812
-92.4064
-48.0136
31.4497
-11.5144
1.22526
2.78117
-9.21266
-10.2269
-62.5244
-27.8291
60.8686
47.3776
-28.1183
-59.2774
-18.8729
1.9755
-3.92792
-53.6516
-21.9002
7.9
-19.8148
142.828
-22.2998
-54.242
-4.11123
44.0619
-15.1156
-33.657
-4.33219
-10
-9.31133
-7.16845
14.5119
49.7086
-61.0735
-26.0508
-17.0762
40.4315
86.2749
-42.1159
97.395
19.2094
-7.02187
-12.04
54.3673
-7.34214
-99.0863
0.751515
27.5271
-46.7652
-15.9519
25.3858
-82.7766
15.7498
-26.283
-112.203
-5.11322
72.0236
-10.467
25.9717
67.7756
20.6526
55.0453
-6.99443
-64.1273
-168.778
-14.7723
2.95353
-91.2066
-5.93583
28.3143
-18.8817
-49.6281
-4.16008
7.43126
-4.36393
23.504
21.328
-16.167
-75.5036
9.55057
52.7827
18.1637
-1.02737
7.19185
7.65227
-43.016
2.87037
4.80669
10.3383
-14.1401
-2.43107
237.642
6.02403
55.6002
11.5818
28.7896
10.5208
-25.9746
-28.8936
-3.92537
-4.41466
-39.4978
21.5297
-26.9448
-109.417
-35.7976
-50.3316
5.58691
-0.726235
-40.9179
-44.191
-7.83265
21.1157
37.0303
-1.6198
-67.0216
0.343594
-78.5316
-9.55833
6.063
1.66226
11.5576
76.2935
-12.5837
-0.139934
2.5749
26.6972
87.7517
-12.3124
5.74961
-4.72588
15.7961
22.205
-140.124
-72.5614
-12.6593
25.5101
16.1905
-6.42385
14.4848
39.4172
-1.95
43.4908
83.1508
117.963
2.53811
91.2666
1.4957
19.0723
-19.1302
-22.0868
-29.1805
-2.70091
-20.2244
41.1944
16.6646
135.645
13.8655
136.853
-40.7496
0.2
-135.686
-10.6746
21.1074
141.843
178.973
34.9823
-1.9
172.302
17.597
-20.661
-24.518
-18.1049
46.0258
-17.9811
-18.4339
110.128
6.5474
51.6514
-51.6816
41.7603
21.1268
-11.3743
9.45773
-9.37173
-33.1105
139.436
-6.21018
26.572
-1.35755
-73.1283
-23.4936
115.566
-67.7081
-27.0447
-23.5457
33.0013
-60.1047
144.368
-0.115361
-83.7486
31.5847
-52.8364
78.4025
8.0141
54.0828
78.0068
0.96117
-12.7123
-27.0669
12.5
21.9235
1.5
7.69728
0.073231
-24.3919
-20.8611
9.15221
2.77763
45.8447
-1.63456
30.0112
7.36317
16.5546
-27.3312
5.10738
-5.9525
12.9694
-23.1238
92.4488
46.4258
30.2995
16.7379
-22.9862
22.3517
-7.87583
13.963
3.44867
15.0861
3.29309
-69.306
79.108
4.18251
5.33867
-57.3168
9.54891
108.818
18.7171
-3.56227
56.892
-3.16794
-6.02271
195.548
-134.834
2.10133
-0.978246
2.37717
-70.9972
207.699
128.942
-7.81923
116.965
-7.78355
18.6452
-12.7839
7.41218
18.8724
54.9094
1.99578
73.7577
-51.8149
-9.51573
-33.8164
19.4715
97.9523
2.44427
23.6466
-55.8243
139.407
-21.8239
97.505
-167.953
-0.843549
-65.1896
49.0224
9.78049
-6.94136
10.1571
9.71426
34.1936
107.997
40.8318
60.8818
-26.2259
206.253
8.66787
-8.51059
-29.6603
-0.215531
-54.5845
-6.5768
-19.0411
33.3478
64.4025
-13.0283
-172.567
34.1674
52.6992
-17.4642
-23.3297
-32.8278
-3.76913
-2.72255
-60.4789
67.7444
69.0101
9.23322
12.5928
-25.0574
-3.27528
37.5012
-8.70042
10.8773
-40.6235
9.1
-11.7922
-2.23988
-1.95349
23.1793
-177.699
-98.0925
-47.8683
68.9004
53.0089
55.4411
32.5749
289.225
1.76797
-25.9827
76.3844
42.2493
30.3297
3.65074
55.8347
29.4235
-66.0522
-1.42015
91.8615
1.72061
-11.919
107.245
-86.5614
8.1258
-7.15267
-17.5089
-28.9335
-36.1725
-10.6763
-0.519979
18.5468
5.0908
-10.9801
49.0155
-1.56444
2.13435
15.0687
18.3628
0.610875
-63.5347
-11.0377
-87.9397
201.131
7.3087
-7.85689
-4.60023
-6.61181
-20.3961
-12.7895
53.041
50.9168
15.8746
-22.2705
28.7061
1.06314
4.59119
-0.155726
-52.7894
11.0775
-15.548
-4.14593
15.651
-21.3274
3.59552
51.535
-114.753
1.82559
-20.4639
33.954
-17.9606
5.91658
8.33151
-52.7512
12.6402
-31.053
9.31608
-2.23783
-36.4473
-23.7373
-15.9702
0.593416
155.67
5.63684
-33.6598
-65.5678
22.979
-63.7462
-4.21514
5.3
28.9277
-64.794
58.6841
126.509
-24.3117
8.05087
-5.87789
-31.1837
21.7325
-10.45
1.35786
6.90072
-22.1482
21.5201
28.0351
5.48834
17.8957
15.9782
54.1757
-43.2048
-8.2
-13.325
11.5
7.14984
-17.2254
-62.3087
-17.286
11.25
-7.18122
2.12405
-6.61438
73.779
-125.92
1.72459
72.6355
82.4154
-4.71738
-42.8179
0.357115
20.4936
-290.417
-55.6221
41.6224
-33.5474
-18.9484
8.68
143.894
59.2536
40.2848
-160.733
15.6388
-54.8471
29.2113
-5.67061
-119.526
51.2785
149.41
136.101
23.2968
36.2419
-23.0167
1.1049
-29.8564
2.55808
-40.3984
42.5816
-12.0074
-45.1185
-94.213
1.2993
6.35143
-0.0469963
16.917
-89.8594
-16.104
-74.7851
61.7417
-90.1563
-1.21876
-13.2514
-87.9334
65.9135
36.7331
-26.0423
3.08116
-10.35
69.6006
9.05
0.984299
-305.989
30.6792
-2.66973
-87.4099
-7.60357
-24.4413
-7.28854
26.1094
-10.3931
84.8146
49.4418
-26.2288
12.25
111.223
-59.5605
22.0508
10.9808
13.5754
-17.4505
-275.377
36.7946
-148.989
-1.06144
-7.35963
24.5404
-58.7538
-26.9773
62.2632
4.12261
-40.0097
11.6601
-85.4416
12.0496
9.86522
-45.6683
-45.4748
-81.2978
109.248
3.80221
6.74222
4.82274
-4.93481
-36.4072
17.9185
58.511
-4.14776
21.6421
23.7913
-26.7301
3.19452
9.87681
-29.8277
32.5154
15.9433
-1.69119
-5.15
-3.72671
-18.5534
3.4
1.15561
21.9088
31.6588
-2.51348
-49.9887
-8.48396
-30.2047
-15.8136
-52.0783
13.5907
-20.9454
-94.9298
-74.0228
127.251
9.20029
-103.872
-67.5347
33.8821
-52.9956
-69.0404
17.9831
-256.842
-15.3016
-30.6378
-3.3424
4.47663
68.8857
-17.0758
-15.9549
-34.8406
-9.97663
199.607
151.023
217.831
26.1542
48.1079
-47.0457
87.0353
239.791
16.656
-10.9942
32.9505
-9.10149
-94.1544
13.2203
19.0289
-77.2965
-54.0159
3.32784
19.5354
-11.9837
-6.79106
40.4434
-61.2044
10.2653
4.10637
27.4334
11.2609
0.899582
32.9107
1.59048
-36.5107
21.7854
-8.89056
93.3632
-6.55851
63.1712
14.0585
-79.5551
56.6115
-40.7575
37.1471
-72.8345
-2.25
62.6072
-12.7317
-11.2388
14.808
-61.2511
32.4465
14.9643
65.8756
-10.7068
-29.4832
1.4661
-11.2395
76.3766
-3.42895
-48.9851
-35.3327
51.9179
10.7026
270.771
-9.55634
-1.92028
21.8293
-9.42087
-108.447
119.457
12.6753
141.991
324.328
-65.9104
65.1659
-39.1045
34.3147
127.798
-58.3812
-117.777
19.3273
7.36729
-46.0583
-7.71641
-11.7127
4
26.6179
47.3616
-5.40755
-8.66986
-48.1425
-7.07823
24.5019
-78.6305
-16.6207
4.91601
30.5135
59.5058
3.86084
15.3598
27.9651
90.6102
36.6112
-3.16661
-37.7338
57.5123
85.9063
-4.52977
237.656
18.5811
-9.57631
9.57442
-166.659
4.3
-126.54
-20.4025
-15.8358
-3.51798
-85.7152
102.347
8.32187
-8.73736
61.8439
-26.4992
0.193686
45.4958
-109.862
2.67691
-7.72975
4.34497
-58.4737
28.8911
8.59304
72.9478
-115.84
1.74139
22.5724
-51.9132
33.8054
-45.641
-4.60016
-60.0748
-153.324
7.57844
-82.1728
25.7079
26.4306
5.19867
-33.5518
97.5201
-86.0737
50.1988
-54.0414
-41.7124
57.7543
-103.845
22.3934
29.5182
28.4575
-9.9445
-35.1705
23.2692
-96.1007
30.6057
10.5973
-11.355
-4.1856
17.8963
103.927
37.171
248.918
-6.26035
-34.9467
-191.293
-5.3268
50.4644
85.6441
3.04251
0.435399
1.62148
25.9881
-8.83261
-0.14589
-6.09393
-12.1
-36.7251
5.65
-8.07799
-5.2097
0.343991
41.3855
-8.44042
-3.81026
0.138837
-5.85911
-25.5526
-95.4146
4.64517
26.408
51.9396
-82.6216
-10.8271
1.5
26.1372
4.97464
-28.1849
-13.9078
22.3154
118.179
90.7334
8.82433
1.19281
10.5354
21.7345
1.59408
-8.2
-31.6378
-8.57821
3.99195
-3.35695
-2.31851
-159.389
35.2853
-28.4662
-30.0474
12.5
62.9467
-167.461
208.641
-11.3406
-37.0287
-28.8422
-125.916
40.8472
-3.58402
122.865
6.48044
-93.7894
15.6754
-15.1458
24.0385
29.6178
34.733
-26.8691
-6.45729
-8.17835
25.6205
16.4606
40.4743
2.04029
-155.33
19.5202
-179.996
1.35987
-40.4177
16.8135
4.7821
25.2066
6.02498
15.2732
-27.966
37.6316
-5.9862
187.51
-42.8757
1.74269
8.27301
-3.70282
52.999
-5.29839
92.0346
-22.3338
-47.111
-2.03217
-21.8166
83.4136
-6.50247
15.7168
-77.3178
-12.437
204.136
11.8677
-1.54346
30.956
5.56399
-74.9181
-51.0896
-46.5924
28.3454
-16.5719
0.520361
-2.48826
-53.4654
-44.7682
6.63808
64.5238
-24.9847
-4.23212
111.262
-11.3721
176.831
-19.9668
-8.31193
5.26511
9.14246
-31.4238
-10.1679
-31.7083
11.3419
-14.8542
-46.1139
94.5283
14.8385
-14.2041
100.052
1.28646
-79.3886
1.62651
-85.3788
42.933
124.309
126.776
8.14651
-64.8409
-85.0776
39.9722
5.3487
5.91849
-88.5264
36.14
-11.1353
18.2914
8.60226
38.0089
-13.1432
1.5
-9.45
58.4805
20.9107
26.9727
3.56581
2.23096
15.54
15.5085
126.219
14.1011
10.8691
12.216
18.4425
41.7576
19.4843
26.9929
9.79465
53.5844
0.618351
2.12616
-119.083
-9.01108
-108.235
23.8891
-20.9076
-15.1154
71.5491
139.635
0.667558
7.55
9.24026
-286.605
-14.4437
-4.81544
9.03344
-32.7644
31.9424
-5.87326
22.5352
-14.4917
10.2869
26.0659
7.5025
-54.92
-6.53143
5.75755
-6.08217
-21.6018
2.63792
41.1512
-5.43908
-20.4162
112.038
-45.4832
-264.001
107.451
-11.9354
41.8299
-18.2402
-57.7997
-49.003
-0.267144
-16.1882
29.3567
11.9356
-22.1958
-9.69738
-2.19752
212.534
83.9215
-12.0977
13.699
-11.9969
23.8343
83.4231
-89.2091
4.67663
-3.27647
4.0486
19.1851
116.969
8.12238
12.4803
5.67614
-0.447137
150.959
70.1616
-168.739
-8.70576
-5.18909
-4.32496
47.9716
7.30729
-3.97684
-96.4198
-7.2
-16.9775
3.76526
-50.8087
3.05463
-102.634
-16.6805
-14.1318
-1.67095
-92.3519
-50.7833
-2.28152
-73.5611
0.759622
27.2217
-14.2949
148.449
103.311
-52.4725
-3.24864
2.10849
181.081
17.1677
20.8383
-4.98919
45.4424
38.1525
-108.103
3.46076
-25.7709
-3.31832
142.505
56.4694
-1.5463
50.9357
-35.8058
-18.7116
-30.9357
-7.90943
11.1018
25.8822
0.630494
141.265
9.84357
-3.43962
30.1364
-29.8677
-6.61519
46.7817
-138.116
28.0973
-23.4947
-20.8496
6.68172
48.0635
4.94045
10.688
12.2
29.5286
46.6263
64.7887
77.3968
12.3499
31.5925
-70.6685
89.094
-22.0941
-9.95
1.68193
4.27572
-1.27629
-119.04
-72.9131
-8.30456
-11.5891
13.8515
223.883
-29.8236
8.14736
79.0692
23.2905
-33.8675
40.685
75.6327
-20.7428
-11.8186
1.24015
-15.2729
2.43376
27.299
-0.442641
7.10169
56.5717
-43.6759
46.7591
-14.3641
-50.2069
12.7891
-134.864
3.89844
-13.813
-18.5252
-1.766
75.762
-6.81032
-16.3199
-17.3368
3.35199
125.323
-29.2347
-64.8852
193.37
10.7829
111.733
69.2392
16.8242
55.5044
-47.3973
10.7305
-34.517
4.29255
0.430408
7.39122
-7.76654
9.90393
295.885
1.32308
86.8615
-11.2548
-45.1999
119.561
-63.5408
57.0736
25.468
-39.1433
1.76117
59.2608
19.2121
35.3686
49.056
160.845
-6.97448
184.907
39.7342
6.0713
-17.7182
264.8
-0.651423
17.3904
-24.2893
-35.5272
-20.4318
4.525
-63.9775
-10.9301
-11.7974
-192.966
-54.3201
65.3344
-19.8634
12.0145
42.3371
7.82147
-9.71096
-52.0171
-6.75046
-22.6701
-34.0844
7.24922
88.1965
-5.55472
-243.286
3.18163
-23.916
-59.2178
9.60045
15.4275
-5.82871
22.8722
61.336
-4.80127
-27.5247
7.96963
-198.303
15.235
-36.7539
11.5
32.6013
-1.26965
53.5071
-179.83
-1.733
-15.8236
2.9587
-16.2908
-16.6068
-46.6969
7.04783
154.983
30.5319
10.8323
23.6107
60.1685
121.92
-87.1944
-44.31
6.54126
7.47497
-5.34797
-43.4511
-29.9334
16.2228
-50.3939
-68.2659
-4.35651
8.43429
3.1632
-98.3881
137.668
-1.25
-3.01457
-14.0992
57.0325
-13.0466
1.73203
-5.93988
89.5465
-35.1123
-64.8257
-49.4202
-24.5776
-17.5301
-110.827
9.28388
-23.6187
-0.7
52.6181
186.004
13.834
-30.9224
101.336
-93.2661
27.8851
-146.99
71.3912
120.993
-6.98017
-30.5806
34.5033
-199.647
4.27692
4.0795
-11.1276
77.6965
-25.4128
-73.4457
-52.7707
53.8217
8.30977
1.29892
-5.34723
42.9877
-12.5569
11.6683
7.55569
48.5171
-34.2603
112.013
39.2746
-0.55738
15.4092
8.15033
15.901
-4.10128
19.5831
-9.85577
-18.5217
-12.9842
-148.403
-56.1629
212.245
-10.1682
6.14955
-13.3405
9.58514
7.44692
-37.6296
37.7566
4.10736
3.80441
-58.643
-3.94787
-41.4619
-12.2221
-97.9083
-22.7672
-150.197
11.7
-18.3951
-66.0137
11.4806
-38.9713
-6.81683
9.97211
208.461
43.0397
1.85
6.32578
6.57952
-16.9126
10.3893
-5.47676
31.8877
58.4824
-129.673
61.3299
67.5198
-9.30822
3.54854
-2.70683
-19.4954
15.0748
-1.36373
-106.281
-30.3967
-40.3566
123.933
1.76373
-35.9912
25.6178
6.19371
-4.96843
65.3404
4.96401
39.4305
93.9269
-19.5526
8.83076
-2.9459
22.4882
-74.9221
53.045
4.37901
-52.983
-9.33086
9.61784
-146.531
38.8055
-48.0779
53.9149
2.138
25.6357
18.9626
-28.3202
-221.872
-56.4901
71.9513
-267.679
15.1646
-1.56088
-17.8111
33.9801
64.0446
-24.0901
5.7966
1.74039
94.0266
17.5924
17.1917
50.2229
-96.8962
15.392
-21.3815
7.46497
-88.1105
-56.0361
-50.7822
-46.0076
-37.6032
2.69627
227.166
-41.5232
-12.1265
1.17723
40.5784
-18.0797
-26.8551
0.691757
-98.4414
-107.637
0.984787
-138.364
-146.297
87.321
42.5929
-7.4852
-25.8211
3.60214
-82.4224
33.0241
10.9984
-86.2301
-37.2445
-11.2535
-19.9444
103.141
-8.59776
13.8238
-33.6939
-24.3383
12.9246
22.0626
-3.06985
-1.05
-67.3739
-181.708
8.12161
-40.0117
-6.74899
-36.6205
-9.9021
-44.1821
13.7273
-34.5535
34.203
-23.7477
-7.05897
55.9987
105.319
-10.6802
-35.8316
5.92712
77.751
-48.7623
-61.3244
-7.97364
-26.0341
-345.072
199.412
12.2423
-140.127
40.2739
73.555
70.2355
8.12599
41.3639
-4.35589
-17.0427
70.6743
110.994
-19.9297
11.5973
85.6738
-2.59061
66.5061
-11.6873
-21.2834
19.9025
14.5922
27.8236
-1.49843
-277.116
126.727
-1.83675
-9.75
-7.90503
-203.73
17.3148
6.16065
5.8
12.45
-24.59
