121.585 506
1820.22 492
839.545 513
911.483 520
3016.77 517
3849.12 478
229.82 493
754.819 482
5659.27 489
4669.99 498
1475.97 520
2226.87 496
4050.66 518
3645.7 522
496.616 514
215.061 505
3120.3 535
2449.11 498
954.44 505
346.013 489
1767.15 527
1472.64 517
1687.69 516
146.739 498
1644.67 515
3717.97 529
743.341 485
234.255 486
943.518 521
3064.73 483
4210.23 499
3884.11 514
3100.06 499
5816.29 514
1413.49 476
2464.65 495
1736.92 506
1841.46 499
247.221 493
1094.07 511
212.917 501
2460.46 476
178.719 482
141.172 527
4015.59 490
1879.27 494
2744.13 503
208.009 507
1824.46 487
855.177 475
726.059 501
4345.94 516
1086.09 489
1384.82 463
2402.32 501
907.169 505
2179.31 513
570.002 497
495.391 479
2666.7 525
1821 511
392.135 503
6925.56 523
4848.28 488
3655.68 483
1774.41 526
528.916 487
159.096 501
1355.5 513
97.1616 501
1225.57 486
569.466 485
689.433 517
302.634 481
3899.46 506
256.971 486
964.834 511
1463.28 509
3812.81 508
3757.52 499
325.671 500
846.733 506
2547.68 464
3482.64 507
3244.75 541
291.505 511
1223 497
1480.43 525
170.533 486
216.804 524
735.148 517
1218.16 499
731.036 520
1882.55 497
362.87 482
142.105 527
2565.83 492
1553.76 496
1516.59 514
6128.47 492
668.885 505
324.926 473
2097.44 520
463.202 474
981.591 491
842.228 496
2947.26 497
1362.4 500
394.283 511
133.664 503
303.737 496
2714.8 492
181.234 485
515.856 542
236.495 498
2842.96 497
3059.68 505
434.238 495
306.622 504
3074.36 487
5085.51 481
366.202 512
558.772 483
4306 490
2650.33 517
2940.25 505
2487.62 513
4462.68 530
1663.34 525
625.921 492
391.787 491
416.89 473
2056.77 509
4229.87 493
181.22 461
148.921 511
1070.26 491
5345.25 474
3052.63 491
225.822 513
2475.7 490
602.766 490
604.077 506
889.561 497
414.366 509
1995.46 481
2206.39 474
3764.66 542
453.691 510
2075.91 511
837.456 485
1213.64 492
2080.19 504
645.225 487
947.464 486
123.864 494
231.273 494
255.232 535
1009.83 506
807.439 471
952.011 503
3845.08 479
3506.21 488
431.481 541
166.46 506
1928.64 518
1493.21 517
139.086 511
1130.58 514
1021.53 471
2174.09 517
3439.85 505
1350.33 493
2019.43 509
571.104 532
3244.57 503
2793.32 506
376.253 515
1473.4 491
2298.62 491
1696.88 469
134.863 489
198.851 490
2230.46 495
718.285 505
800.56 489
1272.45 524
2012.03 507
7044.23 464
1543.97 488
2320.58 500
2305.86 512
2021.55 484
2092.56 507
192.322 520
174.987 492
466.347 492
151.007 517
1276.61 474
417.554 478
1397.91 497
3736.17 502
773.913 483
4726.36 503
2732.34 503
856.871 472
1287.61 510
2532.36 510
1065.31 493
184.478 502
543.404 517
605.395 529
462.928 530
222.437 486
5079.66 488
2564.52 480
1125.26 489
367.386 496
3160.97 510
176.683 494
1224.07 490
2140.7 519
5044.76 503
606.029 502
213.771 508
200.705 531
2455.78 523
1580.24 484
769.294 492
2750.43 488
1280.69 493
175.947 480
332.972 518
1611.7 512
4957.82 488
223.389 484
2094.5 478
5258.3 498
131.656 504
2069.65 518
2167.99 486
2252.8 488
117.234 506
2308.47 499
1837.95 527
2230.33 497
120.294 505
187.328 492
3865.22 500
2194.92 459
1996.99 521
242.846 487
103.368 516
129.323 531
162.865 496
2684.54 505
222.082 532
2056.44 480
1144.2 507
3062.6 494
221.936 509
803.254 495
709.129 487
1907.87 484
497.129 496
1434.51 508
270.26 486
1276.08 516
947.825 489
1313.22 509
1870.66 483
269.946 518
654.606 510
984.832 492
828.481 513
424.418 528
549.478 480
1436.45 464
2842.26 511
491.274 483
3679.19 472
1786.33 531
130.094 513
3325.36 487
307.905 477
429.375 494
2521.64 505
524.251 504
4850.92 514
377.028 523
6782.91 499
1263.85 476
136.169 505
569.489 471
1625.38 503
3610.98 527
3895.93 498
190.931 505
733.568 484
317.251 516
483.435 484
1804.97 510
272.341 503
1503.71 527
2810.2 496
877.083 494
1358.56 498
2787.47 483
3278.21 494
2969.32 499
1531.85 506
676.539 497
204.846 513
307.959 492
125.379 492
3413.65 512
690.097 520
3364.95 491
266.625 505
1079.7 500
919.272 499
3283.58 484
2295.53 497
2616.71 464
2885.94 506
1968.82 483
5883.23 502
1263.75 498
1446.96 516
1951.37 496
154.689 501
495.537 515
4249.12 495
6059.53 523
2897.19 510
164.991 480
2026.92 504
1398.5 496
1013.1 512
1875.11 504
5040.86 500
2584.83 495
1017.43 487
673.896 515
4118.3 500
527.067 487
454.221 494
893.197 497
5692.59 512
713.191 480
689.368 513
1293.24 507
7326.26 492
1741.15 517
494.043 513
167.386 493
4073.17 506
472.809 522
181.452 495
226.951 495
2798.41 484
593.936 509
1985.29 488
2581.25 503
3256.78 487
537.337 500
1175.13 510
167.444 503
235.894 492
4354.07 508
1762.87 498
1397.57 510
2182.72 481
387.251 504
3384.32 471
1590.9 512
407.542 472
1285.42 525
509.435 515
1464.69 480
4135.64 494
198.326 515
2470.27 541
1601.01 518
2501.96 492
840.898 463
4012.85 504
833.393 503
1451.51 513
322.914 485
162.42 503
597.47 512
163.909 508
268.901 511
1046.59 525
495.87 490
800.141 513
694.715 510
2922.54 506
2916.29 502
2176.56 497
206.601 497
324.287 483
1876 492
437.927 497
1501.63 527
3331.45 503
612.678 488
1054.59 523
897.138 514
172.19 511
1185.61 502
177.679 506
741.566 489
1319.78 489
3668 486
237.041 497
1039.21 469
236.006 508
2823.69 501
167.088 498
995.758 529
161.875 516
329.567 491
268.344 502
404.241 498
1172.06 485
714.602 525
4552.65 500
4203.68 502
3124.15 507
3165.73 516
203.463 502
241.893 498
651.985 476
1355.28 525
4386.25 526
613.066 481
157.55 489
1965.66 493
620.143 484
3346.09 489
1611.8 476
117.351 509
5952.04 501
288.816 467
398.363 531
380.219 528
211.878 524
1288.9 487
421.691 509
6681.7 493
4880.69 498
224.72 511
297.108 513
2291.38 515
444.658 519
6028.42 483
813.977 505
2876.17 501
4592.76 496
2043.19 517
319.878 502
195.956 512
4677.5 492
265.074 500
273.189 484
2838.9 517
356.33 481
1328.41 528
434.305 496
1611.72 507
540.183 495
362.054 491
1902.9 493
215.217 485
2712.49 501
677.922 489
3565.06 499
524.167 481
4848.14 497
3071.09 504
440.471 515
703.798 496
2520.93 542
387.532 531
155.266 503
3159.33 501
1179.3 504
1813.01 525
1938.48 523
176.54 513
3349.28 515
206.085 497
103.2 522
1624.75 509
2117.72 510
1983.95 501
3701.17 524
246.483 489
1267.12 504
913.799 504
2839.94 470
237.265 522
1639.27 486
2425.99 512
172.925 521
234.546 483
1092.84 505
409.716 510
1219.77 492
536.095 510
673.69 496
635.894 467
453.823 491
3614.78 495
3151.88 477
1623.45 504
4549.7 496
2341.17 508
332.583 493
159.897 501
1992.26 488
589.158 538
2172.44 463
281.089 496
3756.43 485
574.621 488
5279.92 486
847.986 509
3571.59 477
3196.61 516
2828.29 494
4195.15 516
832.375 505
247.761 506
5615.58 506
635.9 488
1075.27 471
1711.12 520
2887.51 502
1643.7 495
3868.32 491
5009.38 527
596.134 499
2509.16 484
2018.01 491
2415.34 505
425.084 509
318.909 485
365.274 463
324.162 497
1790.73 509
3776.85 511
954.039 504
1139.62 486
2462.21 471
4530.64 482
3282.44 470
364.283 493
414.584 478
1119.01 454
978.156 522
994.178 486
220.148 494
560.645 530
1216.68 520
421.514 500
1170.68 515
6105.04 508
206.857 495
243.845 490
1224.26 525
3918.08 518
248.815 514
319.812 509
5904.47 493
334.783 503
1329.94 538
472.377 505
327.688 516
1359.62 503
1940.9 507
160.447 496
301.106 477
2573.34 517
2858.66 500
1880.25 511
113.912 511
1018.69 466
728.196 521
3377.91 541
168.313 474
692.533 509
208.203 495
2257.29 494
2016.19 486
1101.91 514
2256.29 499
3943.02 503
2120.43 511
467.808 499
295.934 501
2670.18 507
368.841 480
466.87 533
429.196 516
954.544 517
2973.2 482
1649.59 505
1383.06 489
1386.6 502
1218.01 495
1211.34 490
5188.37 494
1805.84 490
2134.24 484
1050.95 480
130.931 507
284.848 520
115.464 491
1969.98 487
2434.8 481
2928.86 516
4379.72 492
1198.95 506
1313.22 519
4900.46 491
2385.94 511
263.986 523
197.02 523
188.413 530
969.416 489
1624.08 494
1669.49 503
2680.91 508
5045.35 492
1275.93 503
222.718 456
1300.74 495
2496.65 505
353.288 491
4663.14 477
204.585 521
1099.89 512
638.026 503
1035.94 507
4444.33 532
203.211 511
3303.72 507
2543.28 531
179.919 503
139.833 497
1206.21 464
1147.3 504
895.51 491
776.635 472
2013.7 494
206.044 509
237.597 490
153.368 501
1228.6 513
946.349 507
1054.64 500
495.418 498
879.54 505
3980.87 485
560.596 489
665.553 526
7188.38 508
319.13 527
1739.75 486
4782.89 518
1122.96 477
2812.66 475
2274.37 511
1451.93 525
936.992 496
928.735 501
647.239 520
377.27 499
2134.85 506
861.541 512
550.116 501
3330.76 498
186.818 494
4514.04 505
311.564 485
3135.17 510
468.681 475
213.982 499
2652.38 509
391.046 500
742.163 501
5098.49 493
359.745 496
5956.49 506
2090.11 488
294.528 491
1580.88 509
313.85 515
1595.82 497
560.511 502
3654.27 504
192.237 515
952.245 462
503.531 503
1364.25 487
1556.2 519
750.781 523
364.147 483
200.409 496
1159.06 504
7298.24 518
5410.85 489
1278.07 483
176.84 488
2141.95 514
279.403 498
195.146 489
504.409 488
215.288 509
4156.19 479
774.239 513
640.57 492
3113.96 505
532.511 489
184.351 494
1552.76 486
2595.2 505
1838.81 492
202.992 520
1354.26 504
350.851 495
1509.38 477
5862.15 499
252.654 501
1126.64 472
432.599 467
1878.83 510
169.512 482
908.894 504
193.159 502
1405.04 497
2615 475
4215.46 504
607.642 509
1900.46 510
167.098 475
5695.38 515
1642.94 515
399.311 510
1447.6 500
2313.11 511
2194.93 498
1735.74 530
457.011 495
1421.48 516
166.936 490
2788.77 506
951.438 474
1605.58 485
4181.55 504
2236.48 519
116.79 505
210.595 495
2025.3 480
1391.63 503
840.622 485
629.202 479
351.254 501
2754.53 491
377.229 519
321.495 479
3261.03 498
3140.6 515
149.708 491
1612.67 511
2321.18 498
765.819 467
4273.77 515
3461.52 492
1268.57 516
2736.73 496
184.858 506
216.348 488
3072.28 503
773.169 491
3973.52 471
198.372 487
2257 519
510.317 508
508.616 478
187.915 502
175.051 526
1982.85 470
3156.29 469
529.34 485
1485.48 494
930.287 484
916.397 492
5165.84 517
593.067 522
525.726 484
2855.07 512
1861.41 494
1004.63 486
226.339 496
129.171 505
213.837 485
1264.85 503
1625.9 491
6527.52 470
270.669 478
761.268 514
1032.93 495
2333.92 482
576.789 510
189.431 463
512.799 511
950.153 505
870.188 511
845.763 509
766.271 515
1023.69 499
3348 463
839.539 494
2598.56 526
168.63 496
2184.55 502
2424.1 511
1232.57 478
836.878 496
1330.8 496
364.103 507
133.525 489
3074.86 504
4367.58 504
134.277 493
1755.51 485
117.098 491
761.944 524
910.563 505
2106.75 472
1275.16 499
724.953 502
2900.15 513
1114.14 509
183.608 507
1225.1 473
157.136 498
3591.26 504
152.832 502
482.787 488
873.617 486
873.92 521
2084.95 486
1153.64 522
7199.2 505
383.841 498
709.596 480
2043.02 500
225.757 487
494.398 481
1168.42 505
3617.27 492
688.341 482
204.477 505
194.919 470
781.977 474
4564.37 484
182.501 469
969.952 499
1809.12 543
583.365 516
309.312 471
209.644 498
114.874 531
1256.21 522
476.703 508
672.355 510
1287.73 506
2748.8 482
389.462 514
2684.39 505
2215.08 521
1144.05 507
7807.67 508
303.96 494
234.753 515
1014.27 503
3795.35 496
273.646 515
521.531 536
437.076 509
212.765 496
324.574 517
2190.83 497
335.484 524
1188.67 502
356.446 503
5462.64 466
391.988 521
3040.98 493
4527.56 487
153.87 505
371.249 491
304.701 492
5351.42 493
2190.65 510
967.418 503
2166.18 505
1981.98 498
214.044 502
3379.38 484
3873.76 485
607.544 516
1796.79 531
2597.24 492
2531.91 502
4897.58 495
287.121 507
2584.47 490
2462.25 486
1115.87 506
4019.77 498
3297.21 506
478.724 496
4688.84 510
198.377 521
309.778 489
3196.15 511
1031.22 514
2139.44 498
1969.85 471
6023.02 483
251.874 498
2904.54 515
272.595 483
4012.86 491
667.201 533
5712 506
1468.06 482
2692.71 478
3186.99 517
215.641 495
4069.28 501
4142.63 474
600.249 507
1381.05 488
2823.87 508
707.46 503
4078.03 479
550.929 501
174.341 501
5869.84 510
2600.87 530
1907.55 480
236.575 517
540.741 514
540.056 499
647.022 512
839.625 493
242.674 475
5079.72 496
5393.2 518
1441.18 493
5407.89 498
3563.91 493
1015.4 504
3008.24 493
716.907 490
1532.17 521
1238.56 498
2106.64 510
5600.28 492
2476.64 503
201.314 488
2487.84 480
161.546 486
926.498 507
251.796 489
2599.25 506
1187.16 512
162.799 489
595.203 483
268.71 523
3178.54 505
1445.67 508
3332.36 483
1439.28 488
107.093 507
616.076 485
587.85 507
202.059 508
2395.34 514
178.773 531
1401.94 499
3947.03 523
4211.21 502
145.804 494
418.277 516
1068.02 504
1798.32 490
1178.78 499
481.532 478
3271.19 507
327.943 515
2986.61 504
831.393 498
3386.92 510
2768.66 499
539.851 469
2675.69 494
2293.23 489
536.598 500
826.492 508
447.154 513
1702.73 495
2435.55 498
691.497 451
3938.06 504
3436.9 484
2687.97 488
1549.56 504
630.402 523
412.043 520
5314.52 539
114.607 485
259.548 496
260.582 495
1905.33 499
2535.09 505
647.882 523
3186.84 502
1130.33 481
5046.91 499
1645.76 504
183.541 492
158.143 519
2914.81 484
198.458 494
2598.01 511
863.774 493
464.959 528
2371.46 515
2494.7 494
722.528 504
2307.45 520
287.77 464
4267.46 496
882.185 515
1709.74 496
1293.56 494
229.886 499
1010.44 487
4344.74 479
1221 497
4831.15 483
130.584 497
3200.36 496
226.026 508
687.214 470
2288.19 501
479.072 503
1622.51 509
516.854 502
235.549 506
1111.87 527
195.227 527
445.852 523
3908.7 528
219.731 510
611.694 503
4079.93 508
194.864 497
538.65 492
3614.43 518
3011.41 504
170.997 479
7868.57 474
3515.02 476
2540.68 486
2611.04 495
1454.46 488
911.523 484
253.99 458
3387.56 514
177.607 512
644.24 470
452.822 494
2666.8 521
3563.82 525
2675.48 503
157.21 492
968.392 508
500.203 487
460.095 498
197.706 489
237.921 475
263.82 486
594.758 495
729.066 517
2188.34 497
1382.05 499
583.977 528
373.703 500
1387.01 514
829.868 502
1131.57 492
4673.14 498
1112.64 524
1019.66 494
2965.74 543
237.47 529
2064.65 483
466.282 493
279.495 481
383.232 487
1614.59 501
2655.13 517
176.294 505
136.08 494
178.238 506
413.267 483
291.109 482
1352.69 507
377.178 488
983.675 488
363.107 511
2144.43 520
5291.72 522
4880.34 505
723.322 526
481.387 503
247.076 521
310.375 517
550.669 494
171.864 520
2244.62 500
6107.65 512
2061.55 514
1502.59 509
3063.16 499
841.527 498
338.542 497
1018.54 493
4490.94 512
1487.58 521
2614.68 526
1654.3 488
2051.03 500
2525.31 504
1412.15 511
2518.4 476
104.036 494
163.541 500
2268.89 506
3985.57 516
594.164 507
574.231 495
1296.44 495
2509.35 499
731.255 504
2480.61 487
2510.53 480
420.348 492
246.705 479
230.243 517
1422.68 488
264.083 475
339.013 495
159.1 501
1044.41 477
629.558 504
370.797 498
304.69 523
236.906 466
367.743 501
1396.37 517
222.702 502
3208.86 484
1980.42 490
1368.44 513
561.76 513
4879.9 507
3016.06 531
606.923 507
3320.2 495
2970.89 483
1927.98 490
4306.09 510
368.907 522
844.357 533
1269.79 465
1100.82 498
1446.82 516
127.827 514
154.462 521
852.558 533
2735.06 506
164.894 487
166.383 492
1417.44 506
168.507 505
281.423 484
290.033 514
1307.97 496
171.925 474
401.502 517
1669.05 478
637.711 496
470.159 491
2591.57 514
5369.96 500
3509.73 503
1948.36 514
137.937 527
487.828 459
3025.14 491
2808.82 513
1150.7 523
460.527 508
1727.03 485
281.543 502
276.636 513
4858.01 503
697.897 498
337.192 511
1330.33 512
745.223 483
3926.07 478
111.54 482
378.864 503
1039.82 519
350.167 524
622.254 505
1434.86 487
615.319 480
389.381 532
3057.26 499
1489.35 507
1432.12 494
2891.98 496
420.892 503
820.356 537
162.982 494
2185.61 485
293.484 472
2097.6 518
215.165 514
3147.46 524
1363.72 501
136.976 497
728.127 516
2325.41 486
279.905 506
1984.37 500
3538.28 489
1246.72 503
1574.91 442
2897.13 516
2113.57 519
521.273 482
4520.37 509
2863.46 516
3065.82 510
2341.61 520
3027.28 497
290.595 531
1033.88 505
475.352 496
3090.68 478
3397.28 507
5757.65 487
1612.06 505
450.995 500
2966.58 485
276.677 507
132.383 515
673.351 497
1408.47 502
296.822 507
1031.7 485
3501.53 523
1540.18 504
484.579 489
1020 519
689.364 498
3810.39 509
2290.9 506
307.592 535
1600.79 492
3267.3 498
168.666 489
1940.7 487
240.294 491
1311.86 495
4520.22 508
601.307 500
2440.26 485
3830.39 508
2193.96 520
1462 495
153.865 531
1271.86 522
175.176 484
3610.07 493
2229.8 504
593.883 498
4015.85 472
2388.05 501
380.563 496
160.628 497
119.962 527
2497.43 505
352.436 516
2926.15 512
299.595 523
3222.19 502
3753.79 513
629.601 500
1943.17 489
971.974 505
2469.75 531
1870.53 507
367.008 492
1270.91 513
226.295 499
1676.37 486
4880.77 500
1155.74 504
1333.74 489
1422.8 475
1349.69 478
1811.62 483
825.796 487
1693.65 508
1484.26 478
2213.71 499
1162.34 515
2957.32 500
5149.54 497
973.251 498
135.759 509
5666.26 493
4475.19 512
536.407 492
2053.15 513
6370.93 517
3236.41 504
2621.73 514
1821.51 479
910.379 468
1183.39 505
1066.09 495
580.761 515
1378.67 511
4738.9 502
1647.58 458
1107.27 478
125.738 475
137.086 499
432.124 505
5603.24 469
1512.04 530
2052.66 511
141.247 480
945.542 474
2403.08 514
171.291 504
247.913 493
1087.47 503
3785.93 510
404.812 478
156.384 499
2920.04 516
580.654 516
252.649 493
1757.9 510
248.842 490
4636.8 506
453.426 501
1015.71 513
354.292 511
216.477 513
763.546 507
3347.46 511
1348.72 493
326.962 497
1917.29 508
2928.13 510
246.164 489
3666.67 514
2471.72 499
724.042 480
490.234 510
342.529 482
3710.25 477
1135.51 505
527.234 484
2188.1 499
1112.25 496
3907.65 487
936.692 485
6235.57 501
978.88 507
446.035 494
140.413 520
278.059 492
756.849 505
2639.1 491
200.611 509
834.588 482
1194.05 514
231.903 517
626.5 517
1626.55 488
1504.92 507
1017.65 501
6745.65 516
1188.69 510
5887.35 523
310.248 506
4403.09 526
321.593 511
739.022 499
2228.05 482
3316.06 487
2175.45 513
1570.54 494
740.219 472
355.792 520
178.88 494
1059.95 471
984.06 492
199.336 499
1985.2 522
2496.32 479
2289.18 480
3650.89 495
143.26 494
1357.85 499
1056.85 506
166.532 503
251.741 498
1784.85 506
405.206 486
3616.06 529
460.215 504
606.196 534
1073.67 480
516.706 495
244.43 507
1288.48 511
199.724 503
2235.71 478
211.695 511
1262.34 518
719.194 485
789.441 462
181.182 518
184.749 508
5400.56 505
2263.4 496
2717.7 490
1698.06 500
651.084 528
3185.15 480
1438.21 487
7164.08 497
244.988 524
2812.29 499
1583.64 517
495.471 510
196.563 492
2321.91 511
212.432 496
500.581 458
2839.75 496
1611.05 463
1476.05 508
299.354 520
1683.17 467
2826.04 495
5725.55 511
1362.87 516
572.484 514
424.816 473
3956.14 487
3505.81 518
113.641 502
2704.51 475
152.769 487
2359.86 503
913.881 510
182.824 491
1157.02 509
2342.48 520
798.344 523
1352.49 509
4151.63 539
370.256 496
643.799 501
1902.63 482
551.676 530
3514.45 519
143.52 495
4181.27 490
2539.14 512
2202.99 516
4325.64 493
3442.36 483
169.132 511
401.035 469
647.898 491
3564.79 519
2163.68 499
506.8 493
1219.39 497
190.402 503
4029.42 522
7515.14 532
360.814 525
1759.54 526
1112.11 491
210.143 502
5397.47 509
1635.13 505
579.595 473
3843.42 515
3160.22 487
374.764 470
358.371 481
142.722 497
1709.92 491
3298.05 496
154.875 524
1955.63 507
236.679 482
378.469 511
418.099 487
111.076 522
1516.93 496
5055.51 490
301.242 508
2125.83 506
1486.65 489
2190.92 495
769.307 477
864.292 498
3539.44 499
590.753 484
1375.06 462
4925.17 501
4159.82 523
136.836 496
4142.87 494
2358.21 525
661.471 521
392.461 477
1569.8 486
338.418 487
3074.52 507
3158.22 493
771.265 508
222.141 517
4003.62 493
301.05 492
1066.72 517
3426.62 509
1542.85 501
190.531 517
353.991 501
2834.02 490
4746.86 517
165.857 504
1016.38 507
4297.35 518
539.582 497
2316.8 496
196.862 512
174.762 497
155.811 475
291.858 523
4238.45 522
1953.14 518
1074.47 503
1901.95 487
306.85 525
5434.28 501
285.44 503
5357.41 513
707.019 462
411.636 509
2335.57 498
191.078 507
879.092 480
243.481 497
1497.31 510
366.977 501
100.577 482
319.466 478
2362.8 501
1008.15 515
367.638 500
654.713 498
679.15 514
2178.17 507
136.148 487
376.966 490
2119.93 503
2342.35 511
1059.3 474
860.691 503
1282.08 504
179.071 519
1946.03 495
312.701 492
1114.6 512
3472.14 512
318.591 480
439.773 513
1220.18 484
3935.7 496
597.81 496
2094.76 527
673.98 493
308.057 511
3869.16 512
405.262 526
2405.67 469
415.58 516
141.874 523
224.97 488
128.69 483
3894.89 515
2515.09 510
747.212 512
3706.83 507
528.563 502
637.74 509
4933.71 520
4864.38 487
514.535 513
226.951 501
2475.64 502
2883.81 504
445.39 514
304.698 500
2563.34 488
2100.93 511
952.213 490
281.134 523
5298.16 514
514.084 483
375.941 510
3705.15 495
211.384 508
482.935 496
1698.36 495
1467.34 462
690.903 489
477.471 495
877.31 500
141.794 493
708.467 529
3645.56 494
108.47 458
3914.23 504
219.63 521
2914.03 522
3935.62 482
257.118 500
2365.48 491
3033.48 522
291.686 498
1903.38 508
4765.02 483
310.774 498
1590.03 502
526.949 520
204.637 518
3489.85 503
984.135 498
1259.3 482
341.733 498
243.656 491
2554.51 504
1801.9 523
1712.8 476
335.378 497
194.837 497
3501.02 510
204.51 493
391.213 478
2588.41 490
1439.77 495
1496.47 487
3831.73 503
1465.68 492
1780.29 488
1856.51 534
1753.71 495
284.014 514
540.284 528
1244.28 531
1627.79 539
1208.17 492
174.627 522
549.998 502
2880.23 509
222.255 504
4598.8 493
1023.04 485
110.165 506
1832.46 479
4393.19 493
804.165 504
866.842 491
304.069 528
887.97 516
185.616 509
2366.95 489
2888.44 501
2157.82 501
2164.25 488
231.118 498
506.361 507
1088.14 531
2246.29 509
1732.08 487
933.684 490
674.951 478
1511.59 531
5353.35 487
2719.79 490
149.763 516
281.639 502
880.52 500
2293.11 494
3660.61 511
184.152 497
2201.33 466
797.817 480
3188.5 499
1063.81 512
3698.28 502
1250.06 516
393.822 480
462.057 496
2880.5 509
1254.45 501
1005.15 486
335.267 507
272.315 490
1439.65 501
3819.91 499
1060.34 495
977.68 501
1835.44 488
291.473 493
4352.92 488
3479.34 472
1545.36 495
429.427 502
2515.78 487
986.985 502
1101.72 498
1475.14 472
613.422 509
228.817 505
197.68 530
2024.97 466
3888.9 491
1099.38 479
262.444 485
2746.72 502
3763.35 500
893.693 525
2603.32 508
158.775 497
132.951 491
702.486 508
2519.65 476
10418.2 511
2639.18 508
165.945 511
1507.69 483
3078.89 530
3864.72 515
3835.93 494
2508.05 498
159.821 521
1287.44 500
241.868 499
1001.76 511
590.027 506
228.363 541
2461.72 495
2493.23 487
314.38 505
283.887 515
162.017 497
190.062 496
1961.09 512
2729.61 505
2550.18 490
3647.47 491
4262.95 461
1162.32 491
127.775 508
2042.34 527
585.712 514
3551.14 495
344.344 469
111.089 469
402.297 481
289.448 482
133.024 537
331.733 509
595.856 497
719.684 470
261.39 497
1164.86 471
394.985 511
419.619 500
395.007 499
3660.42 476
604.38 518
969.84 532
258.512 505
2040.46 469
2783.93 479
1404.19 522
5160.71 499
1440.4 493
300.462 491
2425.03 517
478.559 511
359.649 476
1302.94 495
213.496 484
1285.71 514
648.202 504
1436.4 512
172.843 503
5819.62 489
1104.73 497
165.973 485
1203.94 478
2741.16 510
2314.12 498
3072.83 521
825.83 509
2821.49 511
246.589 510
175.724 490
256.684 519
3594.78 503
4263.97 503
240.339 500
165.755 488
3725.42 533
333.383 474
816.165 490
185.534 508
360.468 515
224.407 475
156.647 505
162.477 522
448.45 491
204.66 506
4373.37 506
2822.3 494
239.869 498
1343.06 495
403.992 513
219.481 486
1430.63 520
754.932 488
1636.1 515
1948.27 515
6236.4 500
155.21 509
3350.04 523
3671.12 511
877.827 513
426.535 502
713.919 485
920.363 460
7123.27 482
612.418 495
2008.59 529
4162.08 478
259.488 488
612.083 500
2729.73 511
2003.01 483
3732.09 513
1471.16 487
2118.15 485
1334.16 466
1088.66 489
1265.38 495
495.781 505
768.432 492
177.048 499
238.55 515
264.864 497
1775.44 508
3543.48 508
3909.3 517
154.337 505
2520.21 499
2363.68 525
520.605 475
87.3206 471
1108.42 509
239.447 507
148.963 459
1680.36 493
437.599 549
299.428 493
1051.6 509
431.437 483
2773.76 511
1247.61 492
290.452 489
1312.98 478
235.578 500
1378.65 507
1978.08 484
3322.17 526
393.474 490
4919.2 492
3873.06 499
2279.07 477
195.896 532
344.882 490
2398.92 493
472.211 511
2612.48 509
1483.3 509
1203.11 489
354.76 509
2207.26 483
1511.27 481
181.288 475
427.242 492
3185.07 488
4154.83 508
248.419 498
305.553 510
2143.89 530
2078.11 497
1038.62 475
1905.04 470
3243.74 505
1779.42 503
198.782 501
2333.98 493
2900.82 492
552.168 481
3300.17 487
2334.19 499
369.014 515
978.109 475
1332.4 490
198.758 494
1359.66 494
5659.98 481
4568.55 511
4284.8 487
1417.1 504
827.232 499
1373.92 482
593.986 504
384.071 502
205.908 497
3173.79 496
1505.28 499
306.709 464
4309.41 493
6065.84 499
1217.77 493
860.079 485
204.83 485
1840.91 515
1945.45 513
2761.31 529
1336.05 491
181.38 512
4419.61 491
1988.58 500
2350.04 524
1922.57 491
240.962 491
472.656 528
364.333 508
1401.05 499
5233.62 524
1310.97 507
3605.86 500
657.804 504
859.261 505
2743.11 497
4474.57 533
627.979 527
3836.53 493
530.08 521
112.423 524
796.652 504
239.327 490
690.994 491
1413.27 520
118.322 501
1079.04 505
1409.55 481
1133.56 487
4489.61 510
2875.25 511
478.451 524
1212.03 489
1797.74 505
159.915 513
3030.69 476
680.154 505
3283.63 486
3171.8 497
451.904 507
2340.5 478
2305.91 513
132.775 490
1360.01 508
1408.61 471
4597.2 492
2205.98 534
237.115 478
2301.07 479
2778.48 478
1436.81 477
1893.03 466
1632.45 483
712.311 510
137.897 465
5848.64 504
256.399 531
2123.67 496
490.027 493
474.979 509
818.083 477
1751.36 512
215.402 469
1923.6 509
6311.56 486
5094.1 518
2617.7 492
980.821 496
2540.02 496
2141.47 512
177.384 478
673.105 513
2529.62 484
3258.13 492
2134.46 496
2084.49 520
1706.63 483
135.098 511
3454.8 492
674.241 482
189.636 495
3299.22 507
305.827 512
757.354 486
2036.79 541
2834.93 496
357.043 499
376.043 478
5849.02 525
2423.11 486
2133.34 508
3740.59 461
362.291 491
656.94 500
700.58 513
1836.4 488
1096.82 493
2490.26 507
5552.53 504
2709.02 517
2490.01 532
5882.77 482
1596.61 512
898.702 489
482.049 489
766.027 523
279.176 509
575.21 525
1484.67 490
325.708 519
993.355 497
1031.91 501
133.122 513
613.765 519
4873.71 516
2299.64 498
1246.14 482
741.12 514
658.072 483
729.418 479
790.174 515
279.284 484
200.084 510
4934.12 486
3121.39 510
1957.71 494
158.863 483
4991.37 487
403.163 491
321.331 501
852.85 485
6032.17 501
314.142 481
1828.41 495
1446.66 493
2830.1 468
1023.29 495
2271.51 500
1296.11 497
1062.61 505
3435.14 464
122.083 511
243.783 485
169.608 503
439.074 486
794.767 494
311.03 523
150.434 518
376.093 509
227.82 524
914.363 483
1517.15 524
148.089 510
3121.24 511
714.056 504
627.619 504
3559.95 497
3196.2 518
172.489 514
930.263 503
332.61 548
896.218 517
862.076 473
372.754 485
693.919 456
470.899 516
444.475 490
541.752 523
299.636 497
816.203 483
2330.17 496
596.671 480
2563.66 497
1968.97 481
116.685 492
4701.69 515
1377.12 488
149.996 503
1128.92 517
179.595 497
3799.33 498
5715.21 495
1660.14 495
1441.06 525
303.667 519
1121.59 482
1503.19 504
162.445 492
5398.1 510
250.593 492
3450.58 509
3495.31 483
826.449 467
162.727 523
210.456 508
3305.33 502
179.16 482
617.042 492
1182.46 479
1825.68 469
2350.22 519
949.73 500
277.361 497
2081.23 511
4478.34 530
173.339 510
3680.3 500
331.798 512
682.582 470
4083.46 500
1702.84 515
2300.4 499
810.307 495
1433.9 507
2736.77 530
948.101 511
757.163 475
1998.95 476
1806.78 518
470.905 491
1155.09 495
4119.67 506
912.842 527
524.156 495
782.936 457
620.262 502
353.621 493
3409.46 501
2971.62 498
1166.47 501
416.754 487
2246.47 517
1244.33 502
225.733 500
903.924 486
3553.7 481
544.69 517
427.429 494
5046.91 498
2226.52 507
138.798 501
906.934 512
1934.39 500
620.388 478
2244.19 495
1510.78 490
1389.54 485
1363.61 479
923.536 523
763.328 495
1872.48 481
1512.15 487
3109.01 497
885.705 496
344.322 508
636.685 481
1759.6 491
3321.38 526
4147.33 507
1257.22 510
1669.29 507
326.946 527
472.961 515
982.12 518
160.765 484
309.131 504
917.6 492
738.516 518
872.502 480
251.673 489
1394.62 485
957.148 503
122.557 502
360.836 506
98.6897 503
1871.76 496
5786.07 516
250.641 514
1389.68 504
606.946 507
1372.22 481
4485.15 505
542.662 513
333.851 518
2237.03 516
408.234 508
252.464 505
1321.83 495
893.015 519
1136.56 490
1044.6 512
1122.94 491
835.271 532
252.189 504
2573.3 522
249.782 486
2272.78 515
2114.92 491
420.011 494
3293.51 537
1317.05 514
1361.13 537
2134.44 498
428.93 488
1549.12 503
2361.8 503
3499.57 517
536.855 489
676.963 514
313.518 493
1730.66 479
2771.42 508
391.763 491
1799.46 479
3494.86 517
170.626 493
425.561 488
158.097 505
595.499 504
157.708 484
999.284 472
213.376 495
155.896 503
988.975 517
1111.32 493
1491.2 513
3481.64 527
3454.84 503
364.757 508
1080.55 487
2448.93 526
4654.1 502
2360.73 505
3034.43 492
161.206 466
1316.35 489
3344.39 514
603.528 514
2139.18 502
959.259 479
367.144 495
2130.28 512
113.553 478
3238.68 491
553.289 523
3173.4 525
320.974 510
1138.77 514
2919.35 482
2210.56 495
549.718 483
1206.28 479
398.285 488
318.755 486
2610.34 482
3921.32 502
681.976 479
1085.15 507
779.349 493
1744.2 509
386.134 473
1524.67 484
601.934 482
707.178 513
713.974 502
1784.01 499
1078.17 524
298.823 485
5239.65 495
2302.29 511
2282.89 473
359.501 490
2094.07 521
1444.67 463
484.5 523
257.711 506
1168.79 484
1223.39 495
4073.19 501
3150.24 521
4060.79 523
1211.04 529
900.98 506
1531.3 483
1509.95 511
1943.49 508
242.271 486
425.551 473
1748.21 513
2572.71 494
528.286 503
615.247 525
605.62 484
322.119 485
1829.15 475
2102.36 511
305.325 501
918.412 511
733.523 494
1845.66 488
704.807 510
189.147 486
209.428 493
655.258 514
2418.89 494
3469.88 479
705.264 494
766.301 510
482.951 537
264.379 468
987.615 486
354.048 506
4675.69 492
4579.82 502
205.281 517
209.867 512
2081.59 492
434.812 501
1282.83 517
829.044 508
202.361 486
271.995 467
1405.36 481
1953.89 506
2668.42 519
2015.92 490
4462.66 485
3905.01 503
6683.95 480
1358.21 490
384.201 483
2778.21 497
149.539 504
1624.24 486
1611.96 485
1456.15 497
5230.33 515
603.693 483
3426.74 506
2404.65 480
1782.64 496
3590.59 495
361.35 517
1153.45 516
1754.07 483
1573.54 508
4068.02 498
6532.31 509
3373.05 491
1819.5 487
3117.68 508
204.785 480
1657.89 511
1115.28 459
935.212 508
927.782 475
3984.81 504
3427.93 497
4003.01 532
3625.88 543
125.371 490
284.872 500
418.981 500
175.816 513
147.921 504
218.468 506
1200.86 500
1573.04 524
767.794 492
643.729 518
1067.56 495
266.09 463
1442.22 511
466.366 502
183.659 511
4428.52 506
978.395 493
1625.43 512
933.249 510
1429.06 502
1117.79 514
854.831 487
1826.66 492
3106.88 515
4424.97 490
173.706 491
2403.16 505
1406.78 501
992.317 507
815.173 510
2255.31 499
1271.59 496
414.466 509
873.083 480
2597.44 480
2331.29 489
3915.47 523
3161.38 512
4212.84 516
452.038 510
762.924 502
2185.7 489
1806.39 501
255.173 501
176.592 498
4013.26 496
956.875 500
1482.2 514
2068.98 509
393.744 484
5311.14 487
1618.41 518
301.649 493
1257.06 513
852.187 500
223.909 491
2285.1 515
2341.13 542
1371.6 500
194.713 517
225.874 508
387.558 481
835.725 491
1083.08 502
392.069 520
3689.73 474
106.877 503
2132.81 522
265.754 475
1238.37 515
1440.75 482
249.858 491
471.467 539
1005.68 497
242.93 514
217.967 489
279.439 499
128.936 498
1085.39 488
4318.38 510
193.362 500
2106.32 452
2194.04 524
4134.18 501
206.999 490
377.637 500
3928.16 514
2265.56 505
377.818 480
177.793 509
3890.58 492
2033.14 511
3360.33 489
1800.93 476
2519.55 521
2084.43 496
2932.98 482
194.68 515
1975.89 499
1927.98 480
2409.98 495
1308.46 530
399.172 508
238.452 469
425.407 521
280.088 518
5135.95 482
1436.35 507
3904.89 491
803.16 523
460.962 490
639.365 487
205.559 518
262.067 514
584.964 503
107.44 490
135.46 510
3876.89 482
4877.04 527
121.008 503
172.868 505
150.588 491
245.771 493
3518.99 507
2625.06 514
256.87 486
254.625 486
2425.91 485
1198.13 503
2434.26 472
1319.19 490
3420.99 504
2223.72 518
3969.75 524
2351.54 511
159.768 503
104.006 494
246.278 498
146.106 500
282.057 535
210.703 499
2069.3 516
1139.18 486
585.788 517
416.04 505
2359.87 505
1959.68 499
139.29 514
2431.56 500
1944.37 478
6494.73 517
3381.76 497
1238.76 515
1176.92 493
872.086 509
4095.88 492
3630.92 489
2729.68 510
420.096 518
402.729 468
7333.16 504
1810.33 523
3429.08 495
1701.65 510
1052.34 481
264.189 504
2336.96 493
320.064 511
1152.15 510
1803.93 516
178.124 510
196.947 505
280.805 489
150.764 526
1010.99 503
316.717 486
628.135 517
159.61 512
202.267 521
467.975 488
948.289 509
1309.19 529
280.803 500
477.786 497
709.529 486
2015.2 503
2687.53 510
483.542 466
5159.12 516
289.915 477
245.902 509
551.295 505
521.984 493
2352.51 500
707.252 514
559.792 521
538.813 501
231.828 504
192.169 511
805.391 505
351.977 503
1233.31 505
3165.26 501
4494.6 534
2248.07 466
248.677 484
236.322 500
735.415 507
156.386 493
2437.83 491
1409.62 527
1537.05 475
214.654 522
249.692 478
2955.85 489
2265.78 521
4385.04 516
849.556 518
676.388 518
2305.42 483
889.73 503
4763.24 498
1674.34 517
3003.77 489
2241.5 540
369.254 484
131.338 520
1169.14 490
2896.52 499
1159.97 483
906.122 524
1126.83 490
2407.02 513
372.091 501
2587.79 507
2045.29 515
1377.88 504
617.093 511
1168.57 503
615.044 459
140.288 507
2324.91 504
1511.63 489
175.895 501
2743.91 507
779.161 505
2690.62 508
4326.12 502
296.33 497
118.863 502
212.015 498
2419.16 531
3704.78 502
516.455 484
116.351 519
715.889 494
244.942 502
819.171 505
3555.77 492
533.611 493
201.355 508
1639.79 499
650.679 532
2833.76 481
3028.55 530
2061.92 507
445.989 486
261.795 506
3081.73 498
687.271 513
2447.23 523
441.832 523
712.74 501
339.241 493
395.606 522
4145.12 486
3557.38 491
2689.62 500
1944.67 495
3919.93 483
141.737 507
402.77 526
490.467 483
181.656 494
2064.67 493
362.209 481
2910.21 485
5341.99 505
3736.06 490
3455.49 518
299.865 498
172.446 514
181.504 509
533.116 476
807.516 509
6383.32 499
183.383 493
3107.27 519
2837.34 512
1148.99 503
3771.08 503
2962.27 500
1318.71 493
645.444 487
1687.76 505
1971.53 483
1128.19 497
1311.39 467
3397.37 505
2654.73 504
146.446 488
170.252 499
171.764 506
685.703 509
405.383 501
1281.26 494
319.347 467
3656.96 504
1399.01 525
1967.18 503
1938.07 521
842.935 493
2387.33 504
325.313 499
1231.47 506
2415.43 480
2890.99 486
152.737 494
830.322 518
329.182 495
1364.86 500
3263.21 492
1067.74 510
1142.21 493
1324.9 495
1908.38 498
1814.01 530
404.821 493
3939.2 495
143.334 501
1741.2 509
630.394 475
118.897 494
1426.14 496
2177.43 521
1679.34 489
570.983 474
2986.34 492
2095.48 499
8852.58 526
117.294 487
399.648 494
283.094 495
1163.71 531
502.739 522
6042.76 519
497.681 476
2241.53 539
1546.64 503
2718.51 511
1442.55 494
883.376 480
300.698 478
863.711 477
717.696 509
656.528 484
1452.61 488
980.854 511
350.812 510
133.535 496
1169.54 501
1675.27 493
2654.46 495
150.836 483
1111.76 539
180.023 481
1877.25 511
878.215 515
640.929 500
1219.87 479
4236.29 509
161.538 471
806.855 482
5239.9 517
184.979 498
295.494 488
234.448 478
1826.65 492
4412.38 493
687.742 498
3848.95 509
1030.35 498
2167.88 473
322.392 525
5060.87 521
1729.76 512
501.187 526
2427.91 476
4732.52 500
3664.29 505
463.426 501
251.357 510
256.761 478
3794.32 468
147.091 499
832.521 484
2405.43 484
6853.4 510
1487.73 478
2130.55 514
1338.13 499
87.1165 512
2693.96 492
1438.37 476
4041.76 505
1536.81 463
4125.79 488
1328.91 512
144.162 494
1622.85 515
2499.71 489
1482.89 488
159.571 498
851.36 518
1320.77 477
5197.4 515
2011 521
1672.97 463
399.008 509
2635.43 492
2765.57 515
813.957 491
2528.91 492
1332.59 505
2357.6 502
484.022 528
355.112 507
615.129 517
92.0284 506
1331.53 497
3074.63 482
3801.51 505
4499.93 531
452.302 492
307.606 496
1738.51 514
2956.7 520
2626.57 510
304.714 525
1100.38 513
447.363 493
2145.53 526
113.295 472
1044.6 492
194.699 507
1557.19 497
540.364 459
313.793 489
1547.49 508
255.209 484
1688.08 491
394.478 496
2951.02 486
1600.26 492
1608.88 480
513.673 506
181.584 501
135.702 517
441 510
1298.01 509
1452.06 517
215.125 487
3887.03 495
460.673 495
101.119 523
381.553 518
1204.49 484
2302.29 524
3028.61 485
1480.54 487
597.019 479
447.374 513
606.485 500
3969.08 481
1432.5 469
416.706 481
3382.3 476
502.51 515
1462 513
3021.54 495
1620.59 495
1302.1 479
1529.62 521
135.37 524
2876.21 491
2979.42 510
248.239 481
1129.66 484
515.155 516
1909.72 479
341.528 472
8312.27 492
2932.74 509
245.427 503
774.475 524
184.126 505
1715.56 516
262.6 485
1594.04 517
3556.71 487
1397.45 515
3994.39 518
1916.25 493
3115.29 501
211.835 511
2873.43 505
249.005 502
2919.5 499
958.621 509
346.944 510
4900.02 504
2080.16 500
1198.05 527
199.88 488
1775.43 493
153.479 506
1664.78 492
1334.1 488
4094.76 501
1522.46 516
4035.07 489
527.522 513
1247.12 510
295.733 475
1573.32 496
1348.18 495
1782.05 502
2019.16 498
450.42 496
736.745 499
3832.15 486
1474.4 531
3237.05 513
2251.49 512
2027.4 474
206.868 505
1918.41 520
256.394 480
144.253 466
2142.29 470
142.509 509
370.78 495
141.704 457
1946.44 508
1962.33 496
707.968 511
1170.95 504
229.566 492
1294.24 464
865.298 504
497.57 479
539.027 496
1923.78 482
7552.15 480
1240.97 488
3477.11 531
1016.03 517
1691.81 516
1252.86 539
1654.94 492
941.774 500
3644.79 499
5109 510
2413.02 507
680.76 514
5709.75 503
1031.71 489
862.14 532
2053.77 480
3725.74 496
4662.38 479
592.071 484
2037.19 484
868.676 509
202.425 501
1336.55 520
619.544 483
3381.21 510
168.705 469
238.819 484
5022.8 499
643.369 503
140.354 488
5783.87 496
1420.93 472
4710.07 507
537.589 473
1101.96 501
377.702 494
792.307 475
5865.98 496
130.013 508
7451.29 476
638.443 495
258.207 492
99.9222 522
2225.36 517
151.362 498
149.826 527
339.22 502
344.305 527
322.701 528
182.082 517
1574.11 465
1193.23 497
3003.05 478
3854.1 501
1418.54 481
2381.37 485
670.283 493
537.122 482
2549.27 500
935.203 497
305.237 501
272.516 520
2549.05 523
906.358 491
1748.09 490
2346.97 518
112.832 508
925.186 489
2411.8 524
1422.26 471
4831.44 507
4155.09 513
2245.91 483
658.456 526
2862.15 498
2133.34 492
1985.03 478
2480.63 481
3142.44 526
533.433 501
230.342 501
4996.33 493
4433.94 488
2668.39 482
181.131 494
178.238 478
348.019 505
316.433 501
211.394 521
1506.46 496
2414.74 496
2116.5 494
3436.2 494
597.913 501
1806.55 499
4473.12 535
714.896 493
3637.97 483
1906 487
727.577 487
1922.56 489
2972.65 509
489.658 507
3044.24 478
1479.7 509
341.225 484
1225.23 489
3515.59 507
2530.71 498
2126.45 483
202.41 503
2054.53 489
180.049 499
1348 482
332.346 511
2366.28 477
2008.93 507
1090.45 508
1356.81 496
104.384 511
1534.47 491
338.817 459
296.163 496
5800.27 499
149.671 470
1787.93 488
850.188 499
1588.46 511
883.601 484
143.392 456
612.944 490
250.673 519
1454.4 513
218.807 520
1863.61 483
1323.86 491
963.393 490
4166.42 516
444.24 485
650.034 488
838.527 525
2021.12 514
6594.64 507
2420.67 478
1232.41 492
2031.76 500
2641.45 488
4249.36 509
3995.93 497
471.345 495
1848.28 522
130.88 530
145.628 500
116.067 496
525.829 493
1317.06 467
2094.23 513
267.201 516
250.889 502
392.032 501
2370.84 514
2126.44 486
2853.91 506
183.337 485
187.198 482
3443.08 513
414.114 475
151.686 481
735.943 493
3814.31 497
1409.19 478
2082.33 507
155.35 511
621.306 496
338.518 472
623.912 513
218.703 502
1967.81 531
286.128 516
4092.82 500
4125.92 507
2429.87 484
3063.99 478
3817.41 492
659.037 509
351.336 478
1519.03 500
265.669 499
518.885 514
1952.92 538
314.173 511
838.928 486
371.016 518
6015.71 489
7096.1 501
98.2817 510
1917.24 514
1377.4 505
385.771 490
966.757 500
119.256 474
3189.82 506
243.312 529
1003.64 442
260.177 519
1383.5 491
240.854 480
158.129 483
1238.2 462
2726.12 501
630.756 522
1639.99 506
1234.93 497
300.492 486
1661.27 503
4887.84 524
427.917 511
1762.45 502
6238.02 489
191.442 498
1233.4 518
103.316 469
2110.38 534
2841.31 482
1379.24 495
276.459 499
6707.91 501
1421.29 520
1691.11 499
209.114 491
595.595 482
129.008 493
169.199 498
425.628 504
4189.83 490
1039.45 522
756.332 520
1434.33 514
2768.63 496
2360.38 528
2843.22 512
1069.06 518
1538.91 495
2971.01 489
1498.27 492
2293.2 506
4022.7 496
1073.59 506
4418.39 497
1273.78 511
219.922 509
2407.5 498
2538.24 527
147.608 488
279.072 501
2372.1 504
921.262 500
4268.8 515
2828.65 519
326.654 488
285.221 497
527.228 480
2306.32 504
520.573 529
5637.12 486
4028.17 502
281.501 523
532.927 504
2378.7 475
3373.72 485
2502.12 514
190.927 490
3353.83 506
1256.32 466
153.817 504
2922.91 511
212.093 525
1771.81 505
231.566 528
650.214 475
874.877 475
1665.7 512
518.634 480
4489.27 482
3430.51 489
548.613 489
201.738 502
4318.92 487
428.219 493
180.133 493
1086.42 460
342.685 495
2814.01 503
538.46 485
2357.53 500
3153.19 480
1329.35 496
2543.78 492
3910.91 478
202.622 491
512.777 522
3925.77 457
639.581 490
175.391 502
289.75 507
912.683 490
1161.08 493
3263.94 486
516.451 513
1730.08 474
249.186 492
347.597 502
379.84 509
148.844 486
2387.86 482
2608.84 507
2816.87 513
255.341 517
177.461 516
2304.72 498
3026.47 489
121.44 511
1290.53 507
2928.01 510
6022.26 496
3373.38 494
604.224 531
849.768 501
247.768 475
2227.72 518
1134.15 510
190.662 518
374.455 474
814.889 500
543.171 492
960.28 487
2234.73 485
233.992 488
543.112 483
891.089 519
793.493 490
1810.58 516
3557.46 495
1643.21 524
3547.44 498
969.044 512
784.863 506
1444.85 491
431.454 506
162.648 493
365.658 478
691.531 492
3194.02 482
286.683 488
1382.34 502
1437.19 519
5728.13 494
3650.74 528
3189.71 513
2337.8 511
183.848 511
493.84 516
1250.45 476
3861.82 517
738.288 497
1673.07 504
810.034 511
958.557 508
2661.96 523
3891.32 512
152.119 476
142.656 504
2305.85 498
893.73 494
7385.72 533
689.191 493
218.363 472
1842.35 512
273.358 502
1127.29 496
4068.23 506
2252.37 491
2954.67 486
3101.76 472
234.08 499
2143.28 481
2647.07 518
2866.01 535
655.62 510
528.61 527
1526.57 480
776.381 484
1890.06 515
288.741 488
1142.31 496
307.449 509
215.593 494
363.067 521
205.076 495
548.785 500
3323.99 504
2915.07 478
1485.17 513
272.506 493
879.852 488
2650.43 465
2305.17 500
4944.95 542
198.527 496
997.12 522
192.374 506
2074.46 531
2820.85 497
819.021 502
423.229 503
2517.89 522
464.144 493
2401.34 505
1642.28 479
7042.42 514
1267.4 511
219.4 492
157.801 494
1057.52 474
1674.26 510
4531.71 512
157.556 493
148.117 506
5087.92 485
537.859 506
743.676 481
848.079 518
3168.24 486
312.304 511
3212.75 485
1054.85 516
505.022 490
449.994 517
1955.84 516
334.04 500
436.788 493
1780.7 505
245.462 502
207.441 520
4080.82 509
2481.7 519
2237.66 520
2872.61 504
125.339 492
1173.77 518
1704.29 490
566.324 502
867.26 491
2199.32 513
3266.2 492
2690.68 508
590.045 491
268.31 476
2290 525
340.93 503
1200.5 482
207.783 518
1719.74 471
332.043 514
252.923 514
1232.22 503
2314.86 502
2600.46 493
1682.53 529
241.34 509
1219.5 476
1275.51 515
1017.78 460
418.933 485
1243.99 498
4897.24 495
1351.58 482
4733.29 512
3489.48 530
537.632 494
972.213 509
184.875 496
880.103 495
1046.48 482
880.608 505
1280.98 512
948.561 497
2116.04 534
228.245 488
121.329 509
1292.25 499
2449.94 485
5167.68 472
411.973 521
3584.02 503
4821 479
3955.41 499
1165.82 494
792.59 490
3005.4 494
4534.7 524
1732.45 502
945.189 494
225.977 472
790.63 506
248.187 492
1098.58 481
2250.21 477
819.147 508
2670.16 535
661.375 482
5349.64 480
3310.84 507
673.366 514
401.278 491
848.912 486
416.967 479
2370.18 484
158.495 501
100.359 493
1533.08 503
330.567 477
136.681 476
135.099 509
318.057 506
239.093 513
926.446 506
282.1 472
167.995 529
1598.02 476
842.5 502
957.471 481
256.592 517
1296.26 513
2620.15 512
141.449 512
1882.18 520
3241.9 498
560.486 536
159.617 495
2426.92 533
1631.97 475
3983.2 505
768.145 489
2592.5 505
5726.54 478
851.097 477
350.151 521
756.205 508
462.868 499
3910.16 479
167.371 496
358.588 464
333.892 513
2995.18 501
1841.91 506
2718.55 528
3982.45 494
1648.93 492
689.416 497
931.027 478
321.086 493
1519.55 502
231.397 500
208.803 498
127.385 507
321.689 504
1837.38 489
546.598 487
2924.71 521
4037.9 491
511.415 450
174.821 489
306.114 510
507.621 495
3013.96 523
845.489 493
1433.48 494
2576.95 500
1142.97 487
2852.93 486
331.304 486
2259.05 503
764.525 521
4073.26 508
2078.98 519
2346.27 515
214.717 507
1578.55 494
855.341 475
4409.14 509
1799.72 500
518.945 494
2224.99 525
1149.67 504
2733.16 520
821.029 501
751.352 510
2686.54 491
4186.12 541
1016.61 517
1370.83 519
223.945 508
370.704 526
535.201 481
1823.29 509
2116.46 497
673.594 486
2009.5 496
480.601 499
1826.83 502
4191.69 496
820.136 496
202.344 499
1343.57 495
5576.88 519
141.785 494
279.556 518
541.963 466
2879.39 482
1057.2 481
1815.47 474
1787.02 479
1097.35 494
1051.24 536
2122.35 506
890.903 502
227.864 510
297.911 513
337.382 517
784.518 512
466.219 504
511.671 494
1266.57 501
589.32 511
441.432 520
2596.37 506
2562.49 497
931.996 493
3165.45 544
270.19 476
3068.92 513
634.073 500
641.798 516
2684.65 491
134.002 517
1575.24 524
204.476 503
407.854 488
1399.89 511
309.897 509
4188.92 511
260.421 520
1344.79 498
1343.6 508
120.93 475
3078.26 490
2091.04 527
200.758 498
2105.42 496
2405.39 537
3928.77 508
140.472 486
247.395 495
3691.46 495
168.304 532
303.939 498
299.575 537
847.288 513
2891.3 505
2206.03 497
2799.5 472
2362.32 495
236.922 496
1839.85 480
4086.91 521
2835.88 505
4183.8 474
2927.78 489
2550.86 508
2759.99 514
2601.61 505
306.307 494
2188.07 491
4597.94 521
501.888 517
1469.37 524
950.671 504
969.406 503
4680.94 517
1867.92 505
2937.65 511
2112.47 490
1884.93 517
3513.34 517
3734.02 511
1230.25 509
3083.02 511
1867.57 503
187.343 520
7832.12 509
662.187 502
278.605 528
1437.5 473
299.05 522
1638.56 488
4380.31 502
523.466 494
292.126 524
2839.54 498
191.136 519
248.565 490
1703.76 472
1662.8 495
1761.97 493
2697.08 509
1565.07 509
166.804 512
1852.71 499
2458.85 505
837.979 501
1593.93 492
3518.66 490
875.146 507
760.7 495
3126.29 517
4785.26 481
3345.37 477
838.068 503
5502.75 535
132.346 493
889.248 479
275.224 501
2034.66 492
478.425 512
1238.09 485
3821.43 494
1908.11 533
550.588 492
1245.75 525
4099.38 503
161.133 508
3162.18 508
959.204 518
4518.17 494
237.135 512
1075.02 473
2510.56 506
1203.11 492
434.002 484
824.97 499
5245.11 538
2143.38 518
2243.14 499
1918.18 513
132.984 508
3585.98 514
1128.94 492
1004.68 496
496 484
2530.54 526
527.157 509
810.105 504
128.369 508
367.478 530
3270.44 532
2558.16 516
2604.34 487
169.083 496
1859.6 504
2866.84 480
528.667 504
408.19 518
1255.39 531
3094.51 502
287.284 516
1497.36 481
2263.83 489
1770.14 529
198.167 487
446.622 477
2288.34 513
177.394 529
4731.64 504
1150.85 486
923.093 471
220.609 482
2688.53 508
221.153 520
154.002 521
3056.36 469
2494.41 498
125.757 499
2154.2 505
3222.63 480
317.877 521
136.073 501
4402.6 501
775.825 469
1964.19 482
2873.9 514
1698.16 473
1666.34 519
2211.89 494
1584.45 500
615.449 508
726.222 532
4828.44 510
1009.53 541
400.347 480
1254.93 506
4231.73 508
1417.8 497
163.347 512
3965.27 482
2334.54 489
731.139 485
628.341 497
165.549 500
949.335 510
944.147 519
442.047 515
164.786 510
149.58 484
802.366 477
272.018 495
381.191 474
2892.3 506
3288.5 526
387.625 482
216.625 525
786.959 486
2461.71 538
149.053 468
168.965 497
1679.91 505
2628.57 473
1710.87 502
7526.92 489
1703.58 506
2541.38 472
2668.17 504
283.016 514
143.221 483
248.243 515
580.885 483
416.417 510
1087.63 480
810.385 469
224.765 525
3199.12 475
210.466 515
3586.54 495
5273.56 488
194.247 503
123.743 511
2949.42 466
292.44 469
180.904 492
1570.25 482
199.739 510
2427.02 495
125.661 524
2153.42 516
116.134 521
1016.17 520
1100.28 493
4135.09 499
1701.52 505
733.096 488
3398.83 482
426.267 496
2698.58 505
1912.31 499
229.411 526
175.063 500
2744.45 498
2587.71 487
152.459 548
700.185 487
3702.47 506
219.585 512
1415.98 492
158.788 521
2022.91 495
848.698 482
3896.06 500
332.368 510
1710.1 480
654.424 511
836.435 520
2691.84 495
704.666 521
2795.82 518
3708.87 492
687.821 471
2491.86 464
492.62 478
481.611 513
600.822 503
1928.65 502
427.659 474
3142.17 479
2576.14 482
1419.31 524
8619.85 511
493.893 500
941.4 508
1031.27 492
2529.68 483
2669.55 501
108.129 475
4638.21 482
513.783 491
190.82 500
3655.63 479
1342.82 509
837.111 483
1923.49 509
1518.75 496
245.206 522
1967.54 502
404.928 530
984.004 517
5262.26 493
5072.12 504
1340.07 514
1688.66 486
3313.71 502
586.399 484
6170.23 521
5360.24 510
503.545 508
2857.44 495
249.436 509
3952.27 473
786.448 513
454.029 484
6689.56 500
2942.7 502
2398.47 513
587.992 500
1272.37 485
2792.26 494
6712.15 492
381.541 511
787.589 491
4022.69 503
4297.3 478
1019.21 496
1299.84 475
4028.22 505
2686.5 542
2522.39 477
251.67 503
363.645 506
2777.35 476
1259.37 511
164.556 516
1948.92 512
214.974 512
663.818 496
1267.21 509
228.528 506
1414.45 531
708.991 477
560.954 503
124.744 505
1200.69 505
336.594 516
2396.81 474
1070.8 480
3111.63 507
2877.67 514
170.887 478
184.1 507
446.817 489
177.327 505
897.496 479
2943.19 515
1101.98 485
911.626 480
5844.8 509
284.544 508
129.452 507
475.373 482
1088.58 476
231.539 474
1253.36 498
431.627 500
587.228 484
3315.13 494
4268.73 508
870.636 493
3170.99 502
729.98 482
1400.17 516
158.769 500
179.584 504
1912.45 464
2776.98 496
562.199 476
163.775 465
688.463 462
198.446 491
1056.28 497
203.923 497
672.304 488
1913.21 498
1298.21 496
1928.83 503
524.186 520
3824.94 500
988.549 509
276.955 519
1215.95 444
1619.92 488
1086.54 513
241.126 489
3096.17 490
163.869 478
1705.82 508
4189.22 519
1819.77 469
4265.56 497
616.667 512
1137.79 510
7748.51 513
3053.56 478
2126.36 493
248.27 495
3532.35 506
292.683 505
1851.63 483
543.926 514
311.422 490
2912.97 510
757.71 497
3814.84 506
230.981 491
177.758 475
3263.5 507
2433.16 514
761.68 482
155.696 519
1339.06 488
273.268 510
225.936 503
612.744 519
603.166 505
3943.4 491
2314.36 491
1003.76 482
770.914 488
565.848 481
382.987 490
3273.83 514
1913.84 501
1287.74 516
1571.5 494
329.901 497
2735.43 481
238.549 507
828.193 515
1397.9 495
330.54 526
1567.03 489
3941.12 490
993.196 482
1816.84 489
287.096 492
264.506 523
185.717 477
1514.58 489
161.372 508
4365.91 521
619.452 489
3647.78 501
2889.96 514
1818.86 501
186.431 536
4589.3 523
649.688 504
437.243 502
234.46 501
399.176 509
370.242 518
611.123 510
3398.89 500
1465.59 476
208.996 520
989.028 500
1971.34 537
3247.72 501
2824.82 508
149.635 491
6349.77 522
3002.33 479
143.236 484
1003.52 520
2097.84 479
313.818 517
3043.3 473
1320.35 489
220.673 504
853.031 508
313.061 501
137.945 513
259.487 507
158.31 535
1810.45 526
3562.1 517
2300.03 487
338.37 499
430.568 487
2779.67 494
2114.95 469
2141.98 520
495.866 499
3549.84 501
811.844 518
205.381 506
147.114 513
4344.38 519
4179.11 500
532.44 529
186.857 511
4814.92 475
217.687 510
106.567 518
474.794 507
361.145 490
1862.51 508
316.894 499
211.117 525
1466.34 511
218.568 513
177.753 486
181.869 501
3083.05 508
277.681 493
204.292 513
1746.38 493
244.923 514
248.403 502
3291.09 484
361.183 498
268.243 492
5333.08 486
4190.09 500
1824.79 513
1657.35 492
311.695 486
1437.26 490
880.508 496
3207.73 481
383.884 491
2139.37 506
404.96 503
2455.5 520
4691.63 498
1669.69 485
966.637 502
205.759 525
448.655 503
816.897 503
613.719 480
708.491 474
1720.02 526
1168.2 515
438.477 476
2114.44 511
588.456 515
259.083 483
567.121 515
841.402 509
3451.87 513
109.965 501
462.895 523
3777.27 478
2669.95 485
2115.96 519
317.867 510
964.912 511
3504.23 505
3566.83 506
154.435 487
911.367 501
5145.71 496
543.815 500
2900.88 509
991.618 480
578.157 499
1984.98 508
1009.2 500
3162.64 480
1884.57 497
394.889 482
173.483 510
2713.21 498
3779.7 509
172.432 474
1534.19 523
3109.26 506
1209.76 510
5677.18 510
508.64 481
133.53 507
2695.96 511
859.3 507
3901.48 493
490.897 489
1038.34 485
171.062 483
213.687 480
1539.3 503
682.391 509
1758.68 516
4068.23 530
601.731 482
4879.53 503
185.063 498
307.146 517
1820.81 478
296.208 521
4305.59 481
1320.5 512
1242.43 512
7217.45 466
281.305 517
1176.56 490
2019.6 507
1174.37 448
328.98 492
602.462 527
219.748 496
111.406 478
1779.13 452
150.155 479
128.562 476
1097.82 507
770.844 496
179.426 526
623.179 491
376.725 475
1677.8 487
775.72 500
128.123 513
180.159 501
195.915 489
3430.42 488
1337.28 517
3562.54 505
1971.57 516
2339.26 464
105.503 500
416.879 488
2354.8 502
3900.69 513
4665.57 519
175.265 477
432.358 463
1035.72 486
482.388 485
1341.66 501
3002.77 495
1613.45 488
1652.25 507
116.205 493
2498.08 501
153.617 532
158.106 488
255.371 502
3206.2 487
825.488 516
2404.02 506
4310.4 494
1252.86 491
661.226 490
565.108 514
226.769 486
166.054 512
1403.89 529
395.232 509
2692.34 493
953.831 511
1466.74 525
2515.14 514
1068.3 531
259.869 522
3261.32 521
198.953 522
911.357 534
1629.28 481
1578.21 490
304.326 516
565.878 507
346.085 477
1864.43 482
852.328 477
520.194 491
229.901 462
902.379 496
3418.09 501
193.576 496
762.676 454
2078.25 499
2842.17 495
6250.34 491
1185.9 488
1919.92 456
336.369 495
3043.06 493
1303.18 485
4073.92 493
5754.02 506
1100.66 524
152.837 500
4762.6 493
1889.83 491
1813.45 526
317.989 501
3006.21 471
1687.98 485
675.867 486
185.356 518
266.401 526
2994.5 509
517.61 517
3968.88 493
349.132 472
886.641 496
2652.52 467
6956.04 502
341.181 493
2554.01 488
2036.96 511
844.682 465
538.953 498
1755.48 499
1066.38 496
2002.89 520
257.24 492
2021.16 472
179.764 492
913.195 501
917.77 522
1080.41 513
250.146 488
2363.63 514
357.04 506
1747.56 512
374.516 509
180.329 486
977.48 469
2201.11 506
861.204 489
4542.31 511
1952.66 518
1768.56 511
269.09 506
210.169 503
1286.93 520
781.572 515
1279.4 515
157.155 481
1384.23 502
348.72 497
2809.36 543
6945.61 499
229.46 482
1337.02 485
1554.81 534
1982.13 485
602.039 493
1401.81 516
2923.32 489
1410.27 492
1978.84 488
456.24 502
171.341 491
192.554 476
123.304 530
3957.13 520
942.685 485
1661.32 499
4420.31 513
688.997 515
1564.67 503
432.587 469
3087.08 509
866.359 508
297.533 493
4274.34 526
759.252 504
369.277 497
328.717 492
2598.58 513
630.762 487
678.45 508
248.601 497
157.208 500
353.774 523
549.109 527
2777.46 494
631.891 476
1089.44 488
1638.95 504
4923.94 505
2975.49 516
209.441 495
4814.4 506
1544.37 491
556.353 517
1770.14 502
656.738 505
1226.87 507
1992.7 504
481.781 492
297.116 473
467.986 483
1416.73 492
389.102 486
4557.5 483
1878.04 508
1032.46 463
369.859 491
5538.52 503
565.607 496
1404.21 499
684.733 484
1171.07 482
134.282 516
165.222 540
211.179 493
248.167 516
147.871 517
2566.32 493
1488.14 507
324.401 486
1881.58 467
1259.07 502
510.114 504
2603.79 510
2298.7 503
134.483 508
5019.32 468
1407.06 508
1902.7 521
2147.15 500
320.709 503
1485.93 512
384.38 508
1378.17 518
1592.07 484
160.73 518
3424.35 506
4017.09 529
1003.95 501
2093.93 466
142.579 491
814.847 489
1300.55 512
2734.02 503
6547.53 503
948.859 494
1611.82 514
2206.43 495
2378.42 507
3679.15 475
704.789 493
2486.1 516
4951.31 477
1017.52 479
753.13 499
362.592 511
229.301 515
2927.7 506
555.995 524
2710.94 500
199.586 509
481.522 510
731.616 517
3557.47 481
296.219 507
1009.06 488
202.517 520
3916.66 494
1080.44 511
596.9 489
1789.97 511
3923.21 505
2400.03 508
1503.64 507
755.816 491
546.836 490
542.457 499
362.263 500
1445.31 470
3316.89 505
827.629 507
332.562 508
1284.66 508
2737.74 505
1186.96 499
1960.62 521
1306.11 500
161.022 482
719.458 498
1680.46 499
375.392 490
200.36 472
327.639 517
3208.08 510
1128.55 500
1968.96 519
2727.46 529
603.165 496
5439.3 501
698.159 509
401.919 493
2856.85 496
2147.02 508
1610.99 474
2014.82 536
1404.58 484
2216.35 473
2569.4 491
1660.35 494
433.706 498
1268.85 493
664.914 489
368.219 511
178.228 471
384.748 511
638.905 495
1686.9 517
3378.58 519
460.768 479
102.875 521
994.303 516
4660.68 515
1330.86 480
958.732 526
3911.14 501
2395.69 485
520.884 505
1746.06 499
169.495 518
717.075 482
6318.58 481
2472.32 507
259.894 507
5472.3 498
5939.02 508
806.062 518
2175.05 506
824.923 520
1275.03 499
436.351 490
172.41 481
767.105 515
554.682 516
887.793 504
5708.31 487
1591.97 523
325.925 522
1680.97 506
855.506 518
2319.88 495
248.781 485
584.823 519
1556.78 475
701.239 508
157.804 504
2360.26 489
4087.91 506
1084.58 496
242.253 479
1084.22 489
3544.63 512
1869.05 491
1068.99 510
1329.91 471
201.589 493
139.213 515
3474.04 489
281.934 485
424.966 470
214.405 491
2927.94 506
1688.11 491
1042.37 506
1391.92 481
1717.89 496
181.168 524
568.485 463
1009.09 501
4671.1 526
604.235 507
899.986 507
230.668 492
186.615 489
1274.14 485
2263 506
241.928 502
182.88 481
169.061 479
1874.46 529
672.328 467
2668.35 495
768.761 496
111.626 531
152.902 504
757.837 492
146.273 492
404.896 474
1696.77 475
756.432 478
322.636 476
2568.85 499
127.312 516
1088.5 479
874.77 535
3766.44 496
4694.14 501
583.476 502
1235.27 509
608.976 503
3050.83 497
176.743 515
2514.5 482
344.477 508
5032.89 504
1368.67 535
2367.65 490
4352.91 517
299.746 501
238.824 509
332.109 472
4403.85 483
2468.28 493
1494.53 506
127.478 520
4685.25 495
1200.58 499
865.613 496
2449.19 482
2918.35 503
871.81 505
186.338 524
3924.44 511
2857.83 510
1779.32 517
1858.66 507
126.067 530
2785.4 487
516.567 485
507.051 476
2383.38 496
520.311 481
4469.89 504
307.957 496
346.003 484
3785.39 513
311.47 502
2823.93 505
2717.9 514
264.986 530
5337.2 489
3713.11 484
2210.14 489
167.471 514
2389.13 508
4603.44 521
2341.02 463
2291.58 490
3543.21 496
808.87 488
711.973 476
1924.15 483
4556.5 507
290.039 488
881.315 523
3634.18 517
631.198 506
1316.81 514
503.319 491
2223.76 493
119.549 505
879.205 484
621.472 503
620.039 524
5025.35 482
1923.27 481
369.021 510
3036.67 515
350.866 492
3422.09 490
3001.86 502
1142.8 519
1016.94 530
3201.47 483
1162.62 476
2946.68 508
2210.2 501
1785.48 492
154.973 460
499.926 514
4052.78 469
95.7952 501
470.274 541
1496.44 500
929.553 520
1205.43 509
2394.66 520
360.763 508
2365.56 498
238.578 506
2516.3 508
2663.99 496
320.459 527
1503.76 503
2066.34 535
920.052 484
167.833 487
2255.4 507
6012.8 525
4709.23 516
498.049 480
256.033 494
868.674 514
3133.95 486
2500.57 493
1290.4 489
769.877 488
210.901 524
1546.15 447
2806.96 493
2313.5 494
1609.56 481
1232.34 480
178.484 501
2050.66 482
1885.26 489
315.745 510
1304.99 501
5400.59 511
1775.05 521
2223.73 513
523.882 489
2917.78 517
218.547 509
3037.57 492
2482.84 490
2215.08 519
172.68 485
2718.1 509
245.973 495
946.943 481
2791.4 512
939.456 520
2940.97 519
3417.11 497
231.828 512
244.482 506
1734.72 496
2957.24 493
545.497 481
1129.03 494
599.771 501
1203.63 511
2805.09 473
1398.42 511
310.052 491
242.372 468
188.301 460
1045.76 495
251.709 485
2352.25 478
4706.83 521
539.997 455
1313.17 510
2053.09 486
2136.24 541
1769.34 479
248.089 500
2408.71 520
547.91 501
675.737 509
3392.2 522
145.757 538
1368.59 501
5227.67 497
1623.04 511
3317.83 518
277.827 511
4553.71 496
190.218 500
197.544 509
151.88 505
496.483 502
1546.71 466
1762.95 512
926.711 508
2859.93 507
319.274 491
185.03 495
2091.62 516
1289.88 497
3670.58 507
266.396 483
2683.32 496
1604.95 528
133.516 469
192.834 525
1211.12 489
3918.64 479
1926.92 487
2420.58 514
1004.73 507
5097.81 497
3343.18 505
321.466 487
2230.94 510
4081.54 547
630.274 469
234.236 496
178.463 530
1227.49 500
5785.59 507
248.354 477
2166.52 513
457.61 513
7217.4 477
4329.95 494
243.141 495
150.005 497
2250.69 521
149.49 504
1244.37 492
2236.68 493
1747.99 506
135.007 511
772.352 503
2945.43 494
1338.88 488
3711.06 502
484.467 503
3202.6 514
440.793 498
6489.41 482
1182.48 519
2979.72 488
1670.72 520
1282.97 485
647.273 502
162.55 501
828.226 513
116.201 508
400.957 494
227.011 510
1557.59 504
1488.27 507
242.675 513
205.83 510
238.748 491
2884.63 532
5252.39 515
1630.71 512
2924.15 471
296.269 500
4952.55 516
233.082 499
214.667 517
317.651 491
1729.58 519
161.128 508
2561.43 501
2865.25 501
2240.72 518
1842.97 489
226.102 514
1648.83 518
5138.42 506
634.227 503
1488.99 508
431.287 522
2458.46 496
1587.96 505
1506.46 489
862.482 518
256.187 493
1625.52 525
2803.61 508
5037.37 513
3223.99 509
2016.24 489
245.379 502
209.329 517
685.982 506
374.989 516
328.634 495
408.482 492
265.007 519
3322.14 480
966.145 500
1880.74 496
3131.84 475
1993.45 509
5098.47 518
136.936 482
2284.03 491
2116.96 491
248.464 485
1037.25 526
295.709 509
2638.31 515
231.485 497
1184.09 491
835.316 512
1317.22 487
4939.57 520
571.083 504
2459.72 488
3113.83 536
4796.43 509
2221.4 507
448.122 523
2271.72 541
1737.5 495
2946.22 512
4692.15 496
109.169 502
3990.83 492
357.053 511
127.596 499
404.2 500
2271.14 473
208.624 512
1776.23 497
2380.48 522
563.248 520
5992.1 512
625.942 507
220.775 509
148.914 485
655.012 508
269.725 522
1057.78 494
1098.55 501
1049.26 506
3404.02 519
3210.4 471
336.386 484
2770.5 504
3214.88 484
1025.48 521
1383.48 493
1285.78 475
243.67 496
342.516 508
1807.89 497
1445.5 498
1976.91 492
2188.87 501
209.337 485
1358.4 507
4288.15 507
1303.38 510
328.326 475
319.424 510
251.603 493
985.107 510
650.778 496
2055.45 519
3369.73 504
334.56 479
228.181 498
1170.9 486
461.958 497
437.71 492
156.477 490
2887.34 526
459.92 488
427.724 477
