500 0.091298 0.197651
600 0.122114 0.175182
700 0.139917 0.17747
800 0.16238 0.191867
900 0.181337 0.20666
1000 0.201123 0.219463
1100 0.221086 0.226875
1200 0.245863 0.241077
1300 0.259011 0.25327
1400 0.278794 0.268204
1500 0.29884 0.284477
1600 0.318177 0.296662
1700 0.337225 0.311548
1800 0.358544 0.320691
1900 0.378607 0.334219
2000 0.396823 0.348224
2100 0.416831 0.361834
2200 0.43726 0.375927
2300 0.456484 0.388948
2400 0.478575 0.404223
2500 0.495806 0.415894
2600 0.516606 0.432398
2700 0.537149 0.444572
2800 0.555345 0.45942
2900 0.575209 0.4718
3000 0.598306 0.485818
3100 0.615552 0.500023
3200 0.636024 0.513681
3300 0.656024 0.527429
3400 0.675367 0.54368
