500 0.172956 0.367602
600 0.241886 0.356582
700 0.285703 0.344789
800 0.340347 0.367862
900 0.378276 0.39551
1000 0.472039 0.423603
1100 0.468193 0.44934
1200 0.518189 0.477901
1300 0.518864 0.503647
1400 0.560373 0.531223
1500 0.663388 0.556297
1600 0.675128 0.58774
1700 0.676896 0.61723
1800 0.745261 0.641695
1900 0.804433 0.668327
2000 0.846457 0.694651
2100 0.88854 0.724114
2200 0.9314 0.751059
2300 0.921006 0.777431
2400 0.961983 0.808051
2500 1.01129 0.837133
2600 1.04207 0.864987
2700 1.12609 0.886209
2800 1.13514 0.915661
2900 1.20161 0.946441
3000 1.26601 0.97008
3100 1.39255 0.996129
3200 1.37006 1.02311
3300 1.38158 1.05673
3400 1.374 1.08413
